2460-[10, 5, 17, 4, 22]-4400-2460
2700-[6, 7, 22, 4, 28]-4620-2700
2885-[5, 10, 24, 4, 23]-5390-2885
2885-[5, 10, 24, 4, 23]-5390-2885
2885-[5, 10, 24, 4, 23]-5390-2885
2885-[5, 10, 24, 4, 23]-5390-2885
2885-[5, 10, 24, 4, 23]-5390-2885
2885-[5, 10, 24, 4, 23]-5390-2885
2885-[5, 10, 24, 4, 23]-5390-2885
2885-[5, 10, 24, 4, 23]-5390-2885
2885-[5, 10, 24, 4, 23]-5390-2885
2885-[5, 10, 24, 4, 23]-5390-2885
2885-[5, 10, 24, 4, 23]-5390-2885
2885-[5, 10, 24, 4, 23]-5390-2885
2885-[5, 10, 24, 4, 23]-5390-2885
2885-[5, 10, 24, 4, 23]-5390-2885
2885-[5, 10, 24, 4, 23]-5390-2885
2885-[5, 10, 24, 4, 23]-5390-2885
2885-[5, 10, 24, 4, 23]-5390-2885
2885-[5, 10, 24, 4, 23]-5390-2885
2885-[5, 10, 24, 4, 23]-5390-2885
2885-[5, 10, 24, 4, 23]-5390-2885
2885-[5, 10, 24, 4, 23]-5390-2885
2885-[5, 10, 24, 4, 23]-5390-2885
2885-[5, 10, 24, 4, 23]-5390-2885
3005-[13, 4, 24, 4, 30]-4940-3005
3005-[13, 4, 24, 4, 30]-4940-3005
3005-[13, 4, 24, 4, 30]-4940-3005
3005-[13, 4, 24, 4, 30]-4940-3005
3005-[13, 4, 24, 4, 30]-4940-3005
3005-[13, 4, 24, 4, 30]-4940-3005
3005-[13, 4, 24, 4, 30]-4940-3005
3005-[13, 4, 24, 4, 30]-4940-3005
3005-[13, 4, 24, 4, 30]-4940-3005
3005-[13, 4, 24, 4, 30]-4940-3005
3005-[13, 4, 24, 4, 30]-4940-3005
3005-[13, 4, 24, 4, 30]-4940-3005
3005-[13, 4, 24, 4, 30]-4940-3005
3005-[13, 4, 24, 4, 30]-4940-3005
3005-[13, 4, 24, 4, 30]-4940-3005
3005-[13, 4, 24, 4, 30]-4940-3005
3005-[13, 4, 24, 4, 30]-4940-3005
3005-[13, 4, 24, 4, 30]-4940-3005
3005-[13, 4, 24, 4, 30]-4940-3005
3005-[13, 4, 24, 4, 30]-4940-3005
3005-[13, 4, 24, 4, 30]-4940-3005
3005-[13, 4, 24, 4, 30]-4940-3005
3005-[13, 4, 24, 4, 30]-4940-3005
3005-[13, 4, 24, 4, 30]-4940-3005
3005-[13, 4, 24, 4, 30]-4940-3005
3005-[13, 4, 24, 4, 30]-4940-3005
3005-[13, 4, 24, 4, 30]-4940-3005
3005-[13, 4, 24, 4, 30]-4940-3005
3005-[13, 4, 24, 4, 30]-4940-3005
3005-[13, 4, 24, 4, 30]-4940-3005
3005-[13, 4, 24, 4, 30]-4940-3005
3005-[13, 4, 24, 4, 30]-4940-3005
3005-[13, 4, 24, 4, 30]-4940-3005
3005-[13, 4, 24, 4, 30]-4940-3005
3005-[13, 4, 24, 4, 30]-4940-3005
3005-[13, 4, 24, 4, 30]-4940-3005
3005-[13, 4, 24, 4, 30]-4940-3005
3005-[13, 4, 24, 4, 30]-4940-3005
3005-[13, 4, 24, 4, 30]-4940-3005
3005-[13, 4, 24, 4, 30]-4940-3005
3005-[13, 4, 24, 4, 30]-4940-3005
3005-[13, 4, 24, 4, 30]-4940-3005
3005-[13, 4, 24, 4, 30]-4940-3005
3005-[13, 4, 24, 4, 30]-4940-3005
3005-[13, 4, 24, 4, 30]-4940-3005
3005-[13, 4, 24, 4, 30]-4940-3005
3005-[13, 4, 24, 4, 30]-4940-3005
3005-[13, 4, 24, 4, 30]-4940-3005
3005-[13, 4, 24, 4, 30]-4940-3005
3005-[13, 4, 24, 4, 30]-4940-3005
3005-[13, 4, 24, 4, 30]-4940-3005
3005-[13, 4, 24, 4, 30]-4940-3005
3005-[13, 4, 24, 4, 30]-4940-3005
3005-[13, 4, 24, 4, 30]-4940-3005
3005-[13, 4, 24, 4, 30]-4940-3005
3005-[13, 4, 24, 4, 30]-4940-3005
3005-[13, 4, 24, 4, 30]-4940-3005
3005-[13, 4, 24, 4, 30]-4940-3005
3005-[13, 4, 24, 4, 30]-4940-3005
3005-[13, 4, 24, 4, 30]-4940-3005
3005-[13, 4, 24, 4, 30]-4940-3005
3005-[13, 4, 24, 4, 30]-4940-3005
3005-[13, 4, 24, 4, 30]-4940-3005
3005-[13, 4, 24, 4, 30]-4940-3005
3005-[13, 4, 24, 4, 30]-4940-3005
3005-[13, 4, 24, 4, 30]-4940-3005
3005-[13, 4, 24, 4, 30]-4940-3005
3005-[13, 4, 24, 4, 30]-4940-3005
3005-[13, 4, 24, 4, 30]-4940-3005
3005-[13, 4, 24, 4, 30]-4940-3005
3005-[13, 4, 24, 4, 30]-4940-3005
3005-[13, 4, 24, 4, 30]-4940-3005
3005-[13, 4, 24, 4, 30]-4940-3005
3005-[13, 4, 24, 4, 30]-4940-3005
3005-[13, 4, 24, 4, 30]-4940-3005
