[10.964769174850199, 5.986210639474564, 20.079602646825343, 4.0, 5.06373037075033]
[11.025280494296632, 5.960198676587328, 20.08457781225193, 3.9883195102697506, 4.986021283515511]
[11.0, 6.0, 19.930347684027822, 4.0, 5.041342126330702]
[10.945273180307575, 5.9701490074404955, 20.09571618935063, 4.0, 5.0]
[10.955223511160744, 6.033690022231773, 19.912934605034778, 4.0, 5.0736807016034975]
[10.962281592136907, 6.018764525952021, 19.89930864522279, 4.0174130789930445, 5.0]
[10.952331261283739, 6.014925496279752, 20.0, 3.982586921006956, 4.945273180307575]
[11.0, 5.981235474047979, 20.067164733258885, 4.0, 5.0]
[10.029850992559505, 5.013978716484489, 17.092040560391805, 3.982586921006956, 22.10528780828569]
[10.0, 5.0, 17.07389601280816, 4.0, 21.898009108755026]
[7.556528472751555, 7.3770436004807625, 19.915751298309306, 5.047202083106477, 22.0]
[4.080129514304794, 8.396269444141968, 14.089199893443741, 5.221735763624222, 22.589455903949872]
[6.0, 9.699539790809181, 17.11305694550311, 3.355007619343162, 33.03854770615111]
[4.334376706943759, 4.6495275702263115, 17.056272462245424, 4.0, 21.56518284970693]
[7.665623293056241, 9.443471527248445, 26.943727537754576, 4.644992380656838, 21.193186459807904]
[6.0, 5.17312861177955, 17.754407184316406, 4.0, 21.36772014032565]
[8.014690654091734, 5.778264236375778, 22.0, 5.343127102727822, 28.0]
[6.0, 9.443471527248445, 28.1654633013788, 4.0, 33.236010415532384]
[4.683444067979251, 9.443471527248445, 15.542253820843396, 3.00594025830767, 22.763989584467616]
[6.0, 7.0, 28.806813540192096, 4.0, 36.7266840258873]
[8.792538888283937, 7.0, 22.0, 4.0, 28.0]
[6.0, 8.652337707702705, 14.089199893443741, 2.8314065777899238, 28.0]
[4.683444067979251, 4.474993889708565, 15.018652779290157, 5.168593422210076, 28.0]
[6.0, 7.0, 22.0, 4.0, 28.0]
[6.0, 7.0, 22.0, 4.0, 28.0]
[6.0, 7.0, 22.0, 4.0, 28.0]
[6.0, 7.0, 22.0, 4.0, 28.0]
[6.0, 7.0, 22.0, 4.0, 28.0]
[6.0, 7.0, 22.0, 4.0, 28.0]
[6.0, 7.0, 22.0, 4.0, 28.0]
[6.0, 7.0, 22.0, 4.0, 28.0]
[6.0, 7.0, 22.0, 4.0, 28.0]
[6.0, 7.0, 22.0, 4.0, 28.0]
[6.0, 7.0, 22.0, 4.0, 28.0]
[5.0, 10.0, 24.0, 4.0, 23.0]
[8.687031615459073, 10.0, 24.0, 6.083186861977717, 34.80472555120706]
[1.875219707033425, 16.94395620659239, 37.25361978198442, 6.3246692337739425, 39.75202674491396]
[1.875219707033425, 10.0, 13.523962700652538, 1.5696153276926639, 23.0]
[9.166373723955434, 6.528021896703805, 39.68400445429175, 4.0, 33.415934309888584]
[-0.2079671549442912, 15.55516496527391, 33.37434087889972, 1.675330766226057, 23.0]
[-0.2079671549442912, 10.0, 14.625659121100275, 1.675330766226057, 23.0]
[0.8336262760445665, 10.0, 35.11032993054782, 4.0, 40.4464223655732]
[5.0, 10.0, 24.0, 2.3697263868852962, 23.0]
[5.0, 6.528021896703805, 15.259951752300635, 5.630273613114704, 23.0]
[3.2640109483519026, 6.792310493037289, 15.259951752300635, 5.630273613114704, 23.0]
[6.603844753481356, 10.0, 14.625659121100275, 5.630273613114704, 23.0]
[9.860769344614672, 6.792310493037289, 9.070494155826363, 1.3281329558964377, 7.723296345496745]
[5.0, 16.679667610258903, 24.0, 4.0, 23.0]
[5.0, 10.0, 14.278461310770656, 4.0, 23.0]
[1.3742691910322598, 17.654320596709674, 34.47433344812903, 2.1083683613143025, 36.39475053978147]
[-0.6400257028387069, 15.736226543649728, 24.0, 4.0, 10.41096741776692]
[-0.6400257028387069, 16.0428846816129, 24.0, 2.3885640849032264, 9.70565370045162]
[5.0, 2.6523375412535, 41.39267451372709, 6.4171538726451605, 4.770941714928213]
[0.9714102122580668, 10.0, 24.0, 2.1083683613143025, 10.9142306367742]
[8.222871830193547, 5.971410212258067, 33.335494938243215, 4.0, 31.963301773265343]
[5.0, 15.237166724064513, 7.0799228914838785, 1.1799871485806466, 23.0]
[-2.500991527728086, 10.0, 38.57266166230773, 4.0, 5.677063912709684]
[5.0, 5.875209371447046, 8.28849982780646, 0.7771281698064532, 7.691358806580652]
[9.680978676308733, 10.0, 9.899935742903233, 5.611435915096774, 11.719948594322586]
[1.5275982600138467, 10.0, 40.51721812974193, 4.0, 12.525666551870973]
[5.0, 14.93191805850457, 24.0, 5.793424748547116, 36.0023294269666]
[5.0, 4.064304205748181, 24.0, 4.0, 23.0]
[5.0, 10.0, 35.734875258238404, 5.793424748547116, 9.10095819875985]
[-3.518767555598801, 14.93191805850457, 11.446026760170186, 5.656908418281882, 36.89904180124015]
[1.4131505029057676, 2.826301005811535, 24.0, 4.0, 12.239451508717302]
[9.761272645673026, 10.0, 5.091425747573133, 4.0, 41.38260367260794]
[9.761272645673026, 17.622055181325244, 5.091425747573133, 4.0, 39.70092239930928]
[-0.38027424564134904, 10.0, 24.0, 4.0, 8.540858536374614]
[9.761272645673026, 14.48356187136779, 34.38980669682807, 1.3098628771793255, 23.0]
[5.0, 10.0, 44.701999000973984, 6.10526460541866, 34.65726086555625]
[1.4131505029057676, 1.4812324444011988, 24.0, 4.0, 10.78263947205851]
[5.0, 10.0, 24.0, 4.0, 23.0]
[5.0, 10.0, 24.0, 4.0, 23.0]
[5.0, 10.0, 24.0, 4.0, 23.0]
[5.0, 10.0, 24.0, 4.0, 23.0]
[5.0, 10.0, 24.0, 4.0, 23.0]
[5.0, 10.0, 24.0, 4.0, 23.0]
[5.0, 10.0, 24.0, 4.0, 23.0]
[5.0, 10.0, 24.0, 4.0, 23.0]
[5.0, 10.0, 24.0, 4.0, 23.0]
[5.0, 10.0, 24.0, 4.0, 23.0]
[5.0, 10.0, 24.0, 4.0, 23.0]
[5.0, 10.0, 24.0, 4.0, 23.0]
[5.0, 10.0, 24.0, 4.0, 23.0]
[5.0, 10.0, 24.0, 4.0, 23.0]
[5.0, 10.0, 24.0, 4.0, 23.0]
[5.0, 10.0, 24.0, 4.0, 23.0]
[5.0, 10.0, 24.0, 4.0, 23.0]
[5.0, 10.0, 24.0, 4.0, 23.0]
[5.0, 10.0, 24.0, 4.0, 23.0]
[5.0, 10.0, 24.0, 4.0, 23.0]
[5.0, 10.0, 24.0, 4.0, 23.0]
[5.0, 10.0, 24.0, 4.0, 23.0]
[5.0, 10.0, 24.0, 4.0, 23.0]
[5.0, 10.0, 24.0, 4.0, 23.0]
[5.0, 20.573329624729812, 24.0, 0.7024973925696303, 23.0]
[5.0, 10.0, 50.92960462734801, -0.229331849891925, -1.7312695557277706]
[12.484999883985154, 3.4049947851392606, 24.0, 6.747918839525308, 45.12032306525832]
[5.0, 18.374994553109566, 24.0, 4.0, 23.0]
[7.747918839525308, 10.0, 8.062070730753215, 7.6797480819868635, -6.127939698968262]
[-2.6941727506708624, 1.0754216789853732, 45.433766948297404, 0.8698356859181979, 23.0]
[12.694172750670862, 0.6570759456139523, 45.433766948297404, 0.7024973925696303, 3.0780120063619236]
[-2.484999883985153, 10.0, 0.9174817479874129, 6.198335071620246, -0.21949060106844342]
[5.0, 10.0, 0.9174817479874129, 4.0, 6.512486962848154]
[5.0, 10.0, 24.0, 0.8698356859181979, 23.0]
[1.1529136246645688, 10.0, 9.161238266563338, 4.0, 0.8796769347416777]
[5.0, 0.10749217770889175, 9.161238266563338, 4.0, 0.8796769347416777]
[-1.385832348175029, 16.72624324939438, 1.4670655158924752, 4.0, 50.479188395253075]
[5.0, 16.72624324939438, 24.0, 8.229331849891924, -4.479188395253079]
[5.0, 10.0, 24.0, 4.0, 23.0]
[5.0, 10.0, 24.0, 4.0, 23.0]
[5.0, 10.0, 24.0, 4.0, 23.0]
[5.0, 10.0, 24.0, 4.0, 23.0]
[5.0, 10.0, 24.0, 4.0, 23.0]
[5.0, 10.0, 24.0, 4.0, 23.0]
[5.0, 10.0, 24.0, 4.0, 23.0]
[5.0, 10.0, 24.0, 4.0, 23.0]
[5.0, 10.0, 24.0, 4.0, 23.0]
[5.0, 10.0, 24.0, 4.0, 23.0]
[5.0, 10.0, 24.0, 4.0, 23.0]
[13.39581382757106, 31.875647141260142, -23.97607901469177, 4.0, -7.283975436264509]
[5.0, -3.193421729040237, -28.98131392917125, 4.0, 23.0]
[5.0, 22.280431338321787, 74.37488296542637, 13.230019646650975, 23.0]
[-0.9970098768364712, -5.87863726442367, 81.57129481763012, 4.0, 23.0]
[-3.395813827571059, -1.0810293629544923, 50.59447047109078, 11.196411852203765, -27.37488296542636]
[12.939318632211835, 10.0, 24.0, -2.831215695916386, 23.0]
[22.53453443515019, 10.0, 24.0, -5.230019646650975, 23.0]
[22.991029630509413, 10.0, 68.58550010160019, 4.0, -8.483377411631803]
[-6.9940197536729425, 27.078039239790964, 24.0, -4.395813827571059, -35.77069679299741]
[-11.791627655142118, -4.39282370440753, 24.0, 4.0, -33.37189284226283]
[-0.9970098768364712, -7.078039239790964, 24.0, 4.0, -20.477397165304744]
[-13.733936410517483, 29.190431605876707, 24.0, 12.39581382757106, 23.0]
[-2.2206993293325024, 10.0, 24.0, 8.971479272183785, -4.343135997010815]
[-2.457218908275676, 10.0, 24.0, 8.971479272183785, 50.34313599701082]
[-4.321523635344596, 10.0, 24.0, 4.0, 23.0]
[0.8864752157823634, 10.0, 39.022013655670065, 6.917958881960326, 23.0]
[5.0, 4.258690067656619, 7.842692365402701, 4.0, 3.5806380653804943]
[-0.977829511286556, 10.0, 24.0, 7.539393790983299, 52.828875633102705]
[10.356394602263583, 21.955659022573112, 5.356952729310809, -0.3500443631608112, 54.693180360171624]
[8.107174545114866, 10.0, 24.0, 4.0, 6.842692365402701]
[5.0, 16.362744841366354, 24.0, 8.350044363160812, 23.0]
[5.0, 3.6372551586336455, 2.142202345077237, 4.0, 23.0]
[-3.4635691473784487, 16.984179750389327, 5.249376890192099, 4.0, -8.226625206055996]
[8.492089875194663, 18.227049568435273, 48.96497220003763, 4.0, 23.0]
[5.0, 1.7729504315647269, 24.0, 8.350044363160812, -8.693180360171624]
[10.92603654163278, 10.0, 24.0, -1.131436585048828, 81.04838760180374]
[-8.623191419206021, -8.266368814576595, 57.35433780281738, 4.0, -21.900070119177244]
[5.0, 30.832087107101007, -38.86009816684814, 11.306547525830638, -10.674063822821815]
[-1.414295731311035, 33.397805399625426, -18.556426008721616, 12.589406672092844, -28.634091870492718]
[5.0, 10.0, 24.0, -5.872265818355052, 23.0]
[-7.340332272943813, -14.680664545887627, 24.0, 4.0, 61.48577438786621]
[30.168923735565883, 25.70065052205218, 56.07147865655517, 12.980014023835448, -33.76552845554154]
[21.67716890140869, 10.0, 65.05149268039062, -1.131436585048828, 68.21979613918168]
[-16.80860548645752, 29.242887193933104, 24.0, 4.0, -44.991534751896964]
[5.0, 35.65718292524414, -23.46578841170166, 12.980014023835448, -29.916951016754922]
[5.0, 10.0, 24.0, 4.0, 23.0]
[5.0, 10.0, 24.0, 4.0, 23.0]
[5.0, 10.0, 24.0, 4.0, 23.0]
[5.0, 10.0, 24.0, 4.0, 23.0]
[5.0, 10.0, 24.0, 4.0, 23.0]
[5.0, 10.0, 24.0, 4.0, 23.0]
[5.0, 10.0, 24.0, 4.0, 23.0]
[5.0, 10.0, 24.0, 4.0, 23.0]
[5.0, 10.0, 24.0, 4.0, 23.0]
[5.0, 10.0, 24.0, 4.0, 23.0]
[5.0, 10.0, 24.0, 4.0, 23.0]
[5.0, 10.0, 24.0, 4.0, 23.0]
[5.0, 10.0, 24.0, 4.0, 23.0]
[11.771791614113425, 3.743680329289038, 24.0, 1.4974721317156154, 41.283837358106254]
[5.0, 10.0, 47.70127064939699, 7.385895807056713, 23.0]
[-8.285847256525619, 17.61067799353365, 24.0, 4.0, 42.12978937251461]
[5.0, 10.0, 46.464137985231076, 0.6141041929432869, 23.0]
[18.28584725652562, 2.3893220064663527, 1.5358620147689237, 4.0, 2.6846251576597204]
[1.871840164644519, -2.3509321234130454, 24.0, 4.0, 23.0]
[15.15768742117014, 10.0, 4.2445786604142945, 4.0, 23.0]
[9.063074968468054, 3.0665011678776954, 2.2130411761802655, 9.211244513929756, -11.02773092356415]
[15.15768742117014, 3.743680329289038, 24.0, -1.2112445139297554, 0.653087673425695]
[14.899951449468906, 10.0, 55.827420586333105, 4.0, 1.8386731432513628]
[-5.15768742117014, 16.256319670710962, 54.59028792216719, 4.0, 45.346912326574305]
[17.189224905404167, 3.0665011678776954, 24.0, 8.534065352518413, 23.0]
[5.0, 10.0, 24.0, 4.0, 52.11870394068773]
[14.899951449468906, 3.0665011678776954, 24.0, 4.0, 58.890495554801156]
[5.0, 16.933498832122304, 55.827420586333105, 0.6141041929432869, -8.319014277918775]
[5.0, 20.319394639179016, 24.0, -0.5340653525184127, 1.161493981840021]
[5.0, 10.0, 24.0, 4.0, 23.0]
[5.0, 10.0, 24.0, 4.0, 23.0]
[5.0, 10.0, 24.0, 4.0, 23.0]
[5.0, 10.0, 24.0, 4.0, 23.0]
[5.0, 10.0, 24.0, 4.0, 23.0]
[5.0, 10.0, 24.0, 4.0, 23.0]
[5.0, 10.0, 24.0, 4.0, 23.0]
[5.0, 10.0, 24.0, 4.0, 23.0]
[5.0, 10.0, 24.0, 4.0, 23.0]
[5.0, 10.0, 24.0, 4.0, 23.0]
[5.0, 10.0, 24.0, 4.0, 23.0]
[5.0, 10.0, 24.0, 4.0, 23.0]
[5.0, 10.0, 24.0, 4.0, 23.0]
[17.043655977233023, -0.6267552740291382, 52.46065304032599, 4.0, 59.130967931699075]
[5.0, 17.792953867621367, 43.128159493252454, -0.03499182178572191, 23.0]
[13.50140421922331, -1.3352056256310814, -10.005616876893242, -1.6676028128155407, -6.046464415679647]
[-6.335205625631081, 18.50140421922331, -0.20995093071433146, 0.6734585298162203, 23.0]
[12.084503516019426, 10.0, -0.7957623060679921, 4.0, 5.112174661746668]
[10.397964953033124, 20.087479554464306, -0.9184012823162746, -0.2507021096116553, 50.62956371247576]
[5.0, 21.335205625631083, 4.749201530499267, 8.743442173387665, 50.62956371247576]
[1.7273861017727041, 20.79592990606625, 24.0, 4.0, 23.0]
[5.0, 2.746321851943465, 24.0, 4.0, 39.29435808684468]
[5.0, 17.253678148056537, 24.0, 8.959152461213598, 39.29435808684468]
[5.0, 2.746321851943465, 53.04646441567965, 7.32654147018378, 49.38922955747664]
[-4.64866706264478, 2.915496483980574, 24.0, -0.9591524612135984, -1.087311954466049]
[-4.918304922427197, 10.0, 3.4549398035436667, 4.0, -1.087311954466049]
[-1.677171080886664, 10.0, -41.045861081726954, 4.0, 23.0]
[31.913661195201716, 10.0, 24.0, 4.0, 23.0]
[21.795416138044192, 24.799805741367262, 24.0, 15.123591183085061, 91.2970400415209]
[-13.240879717638123, -14.918050798524789, 24.0, 4.0, 23.0]
[-13.240879717638123, -14.918050798524789, 77.73237488216498, -3.2273178979696615, -46.382251820508756]
[5.0, 24.454635795939325, 70.25483454700583, -1.7818543183757294, 81.17879498436338]
[-2.2273178979696615, 30.236490114315053, 66.1686662454135, -7.563708636751459, 67.8093709674119]
[5.0, 10.0, 57.49588476784992, 10.787200444303265, 23.0]
[-11.795416138044192, 25.900099375533255, -12.136589489848312, -2.7872004443032647, 75.39694066598764]
[27.57727045641992, 10.0, 24.0, 10.787200444303265, 23.0]
[-20.46819761560778, 31.681953693908984, 86.40515635972857, 4.0, -16.38776844964225]
[13.672781477563595, 27.34556295512719, 24.0, 15.123591183085061, 23.0]
[5.0, 10.0, 24.0, 4.0, 92.57366690307433]
[-12.10936062787508, -10.614756095502365, 24.0, 4.0, -47.67916375600811]
[22.669790939002027, -9.493895473248475, 69.90185958884624, 4.0, 23.0]
[-10.636878049624913, -9.142273517252196, 93.46158084084894, 15.331516377099796, 23.0]
[11.801982580123898, 10.0, 56.64951638459471, 4.0, -28.9038759640723]
[5.0, -19.44965156500338, 56.64951638459471, 15.331516377099796, 23.0]
[12.362412891250845, 10.0, 62.53944669759539, 4.0, 23.0]
[13.834895469501014, 30.966378051498644, 63.757029612754565, 4.0, 23.0]
[5.0, 30.966378051498644, 84.37178570825692, 4.0, 23.0]
[5.0, 10.0, 71.3743421670964, 11.362412891250845, -33.32132369882281]
[16.77986062600135, 39.44965156500338, -34.89930313000676, -2.9140686423492888, 23.0]
[-6.779860626001351, 10.0, 24.0, -2.9140686423492888, 80.42682055175659]
[-16.526808362625587, -8.021412894998306, -18.701994769254895, 13.859033798849627, 74.53689023875592]
[5.0, -3.661916226189767, 40.60894534043897, 4.0, 56.894298842827865]
[8.460196945924785, -1.414742114743035, 24.0, 6.996232148595642, 23.0]
[15.486812520084747, 22.163800151891948, 6.022607108426147, -1.2434062600423736, -3.2170313002118682]
[-7.733986631531479, 10.0, 24.0, 4.0, -13.703843820296612]
[5.0, 19.167568003296303, 24.0, -1.015331668186561, 2.775432996979415]
[16.6998353545628, 0.262245517064164, 49.5976417862259, 4.0, 23.0]
[8.460196945924785, 10.0, 53.34293197197045, 4.0, 23.0]
[5.0, 10.0, -2.9660893373607777, 1.2318424432601711, -5.650892582785495]
[1.2547098142554476, -3.661916226189767, 50.96608933736078, 1.2318424432601711, -6.962321485956419]
[-4.45266124311607, 18.418509966147393, -8.209495597403155, 4.0, -8.647124731381137]
[8.745290185744553, -4.98116074297821, 5.892938585263206, 0.4827844061112603, 23.0]
[-16.314989603998363, 34.723553824016996, -47.55746509913736, -4.671422123664035, 23.0]
[15.657494801999182, 10.0, 24.0, 4.0, 67.5319298100686]
[-25.44998514856909, 24.066059022017814, 24.0, -8.179994059427637, 62.58498069313982]
[-19.359988118855274, -12.83748886142682, -12.539982178282912, 4.0, 23.0]
[5.0, 31.678555309160085, -12.539982178282912, -5.134995544570728, 23.0]
[5.0, -5.2249925742845456, 86.68602754398339, 4.0, 97.9819149586377]
[25.735522827864997, 10.0, 24.0, 4.0, 23.0]
[-14.79249034656991, 10.0, 24.0, 16.179994059427635, -12.017482920854455]
[5.0, -11.314989603998363, 90.989967326852, 14.657494801999182, 23.0]
[5.0, 10.0, -41.7310260588403, 4.0, 23.0]
[24.79249034656991, 26.747491831713, -41.7310260588403, 15.716420638520944, 23.0]
[-7.179994059427637, -8.633556794303178, 89.7310260588403, 16.179994059427635, -31.80997326742437]
[-6.600527283294271, 29.79249034656991, 89.7310260588403, 16.179994059427635, 75.14442609721088]
[5.0, 10.0, 24.0, 4.0, 23.0]
[5.0, 10.0, 24.0, 4.0, 23.0]
[5.0, 10.0, 24.0, 4.0, 23.0]
[5.0, 10.0, 24.0, 4.0, 23.0]
[5.0, 10.0, 24.0, 4.0, 23.0]
[5.0, 10.0, 24.0, 4.0, 23.0]
[5.0, 10.0, 24.0, 4.0, 23.0]
[5.0, 10.0, 24.0, 4.0, 23.0]
[5.0, 10.0, 24.0, 4.0, 23.0]
[5.0, 10.0, 24.0, 4.0, 23.0]
[5.0, 10.0, 24.0, 4.0, 23.0]
[5.0, 10.0, 24.0, 4.0, 23.0]
[5.0, 10.0, 24.0, 4.0, 23.0]
[-6.946944680720479, 10.0, 24.0, -8.543715616189099, -44.4224714370164]
[30.087431232378197, 10.0, 66.3350402046382, -8.066298867814204, -58.53415150522915]
[27.92269584488594, -12.32592490941732, 24.0, -5.407786712141824, -19.72582280552983]
[35.76251810500412, 28.81557342428365, 24.0, 4.0, 23.0]
[-5.975751164165461, -18.223360136425473, -45.261864302837935, 4.0, 86.10936068183712]
[15.97575116416546, -17.029818265488235, 24.0, 4.0, 88.85450698499277]
[5.0, -6.054067101322772, 24.0, 11.362405511743292, 23.0]
[-2.243051324649567, 26.054067101322772, 24.0, 4.0, -38.54139622981348]
[5.0, 10.0, -12.334610810341559, 14.97575116416546, 57.88600054541165]
[5.0, 27.62203155334641, 24.0, -2.2718578080945493, 93.9491829419553]
[26.95150232833092, 32.325924909417324, 24.0, 4.0, -58.53415150522915]
[-12.24760897226001, 10.0, -49.69432924511095, 9.794441059719654, 85.71857808094549]
[5.0, 10.0, 24.0, 4.0, 23.0]
[5.0, 10.0, 24.0, 4.0, 23.0]
[5.0, 10.0, 24.0, 4.0, 23.0]
[5.0, 10.0, 24.0, 4.0, 23.0]
[5.0, 10.0, 24.0, 4.0, 23.0]
[5.0, 10.0, 24.0, 4.0, 23.0]
[5.0, 10.0, 24.0, 4.0, 23.0]
[5.0, 10.0, 24.0, 4.0, 23.0]
[5.0, 10.0, 24.0, 4.0, 23.0]
[5.0, 10.0, 24.0, 4.0, 23.0]
[5.0, 22.87710297955811, -6.583119576450514, 8.583860842658225, 59.21685213000719]
[15.156330202545881, 19.045195297978417, 55.387938512672896, -0.8289136173342921, 64.24635016539887]
[-11.09637872444764, 18.240376361756034, 52.30798399217173, 8.02409468111191, 48.14997144095122]
[21.09637872444764, 1.7596236382439674, -5.778300640228135, -0.02409468111190982, 49.55902489533861]
[13.546692330101118, 21.459652106645564, 24.0, 9.633732553556673, 23.0]
[14.351511266323499, 10.0, 24.0, 4.0, -9.192757448895279]
[-7.877102979558112, 18.240376361756034, -7.527259737061254, -2.438551489779056, 23.0]
[5.0, -3.681921915780494, 43.45497569372553, 1.0257770297865396, 23.0]
[5.0, -0.4626461708909666, 43.45497569372553, 10.193498715102988, -4.564428249618363]
[16.765968074990646, 20.462646170890967, 3.074707658218067, 10.438551489779055, 51.97348170400575]
[5.0, -0.4626461708909666, 4.545024306274474, -2.438551489779056, 51.97348170400575]
[15.462646170890967, 23.681921915780492, -0.2838893110598164, 9.633732553556673, 45.53493021422669]
[-7.0722840433357295, 0.9548047020215851, -13.826490002451955, 4.0, -12.412033193784808]
[16.765968074990646, 19.657827234668584, -12.356173354395544, 7.2192757448895275, -12.412033193784808]
[-5.5900635082468195, -1.5992112902979354, 24.0, 8.0731013493257, 41.93929340396642]
[12.331582428786259, 18.96082296851654, 60.6579121439313, 4.0, -18.748660960190342]
[5.0, 10.0, 24.0, 10.268925055849454, -12.231698801269225]
[-8.538498208867797, -2.413831560163075, -4.511709445279902, -2.2689250558494543, 59.6579121439313]
[19.353118478732938, 10.0, 24.0, 9.454304785984315, 23.0]
[-8.538498208867797, 18.1462026986514, 24.0, 4.0, 58.02867160420102]
[5.0, 10.0, 24.0, 0.9895560236111058, -15.490179880729784]
[-4.465396859542098, -4.043072099893356, -6.955570254875322, 8.639684516119175, 23.0]
[-4.465396859542098, 10.0, -3.69708917541476, 9.454304785984315, 23.0]
[32.55088647676336, -0.6396845161191749, 51.69708917541476, 0.17493575374596526, 74.80411484258269]
[29.2924053973028, -1.7023418890559805, 5.937336141666634, 0.7415189205394399, 30.0]
[-0.1934267638722087, -0.6934019211538578, -14.730434221703163, 10.59241433560905, 0.567848135003981]
[13.0, 11.41646612756018, 58.75282586253219, 0.13064987079727297, 7.160262470613034]
[13.0, 12.24051791951131, -0.7215537585339327, 7.296207167804525, 72.61698053621411]
[-7.601294798778277, 7.045298337251595, 43.77724300682715, 8.693401921153857, 30.0]
[-4.313685723627863, -4.813660880909513, 24.0, 10.34150550505612, 71.20258959755655]
[13.0, -3.41646612756018, 24.0, 7.8693501292027275, 70.96887695231186]
[-1.83293225512036, -5.637712672860644, 24.0, 0.7037928321954756, 30.0]
[34.425346590729404, 4.0, 24.0, 10.59241433560905, 77.56129128792091]
[13.0, 4.0, -9.928774070581063, 4.0, -7.6726697845073275]
[13.0, 13.637712672860644, 3.256054600637036, 4.0, 56.3696573424362]
[39.66049271417614, 4.0, 24.0, 4.0, 91.1798087991496]
[-26.9907390712642, 10.157770886323402, 24.0, 4.0, 121.17286310259774]
[-25.341844121547147, -2.1577708863234015, 24.0, 4.0, -61.172863102597745]
[-20.325615892720172, 22.329088740996095, -49.6048027999326, 4.0, -37.84493197769363]
[43.01044014836711, 10.157770886323402, -17.65701986590021, 15.66396556245206, -31.652389401532318]
[13.0, 4.0, 75.94315246966448, -5.99768476781605, 30.0]
[41.3441593537311, -5.99768476781605, -45.98379337471236, -3.8240516809594105, 113.31403973180042]
[54.674405710819165, 4.0, 74.27687167502847, 4.0, -29.51352800451359]
[-25.341844121547147, -2.665123178544034, 24.0, 4.0, -54.50773992405371]
[-26.9907390712642, 10.665123178544034, -16.279186907212427, -7.663965562452059, 30.0]
[13.0, -15.48801724341147, 24.0, 4.0, 30.0]
[13.0, 23.48801724341147, -37.94083723748054, -5.99768476781605, 122.83914389723375]
[13.0, 4.0, 24.0, 16.822894064867434, 84.51468562060556]
[13.0, 4.0, 24.0, 4.0, 30.0]
[13.0, 4.0, 24.0, 4.0, 30.0]
[13.0, 4.0, 24.0, 4.0, 30.0]
[13.0, 4.0, 24.0, 4.0, 30.0]
[13.0, 4.0, 24.0, 4.0, 30.0]
[13.0, 4.0, 24.0, 4.0, 30.0]
[13.0, 4.0, 24.0, 4.0, 30.0]
[13.0, 4.0, 24.0, 4.0, 30.0]
[13.0, 4.0, 24.0, 4.0, 30.0]
[13.0, 4.0, 24.0, 4.0, 30.0]
[13.0, 4.0, 24.0, 4.0, 30.0]
[13.0, 4.0, 24.0, 4.0, 30.0]
[13.0, 4.0, 24.0, 4.0, 30.0]
[13.0, 4.0, 24.0, 4.0, 30.0]
[13.0, 4.0, 24.0, 4.0, 30.0]
[13.0, 4.0, 24.0, 4.0, 30.0]
[13.0, 4.0, 24.0, 4.0, 30.0]
[13.0, 4.0, 24.0, 4.0, 30.0]
[13.0, 4.0, 24.0, 4.0, 30.0]
[13.0, 4.0, 24.0, 4.0, 30.0]
[13.0, 4.0, 24.0, 4.0, 30.0]
[13.0, 4.0, 24.0, 4.0, 30.0]
[13.0, 4.0, 24.0, 4.0, 30.0]
[13.0, 4.0, 24.0, 4.0, 30.0]
[13.0, 4.0, 24.0, 4.0, 30.0]
[13.0, 4.0, 24.0, 4.0, 30.0]
[13.0, 4.0, 24.0, 4.0, 30.0]
[13.0, 4.0, 24.0, 4.0, 30.0]
[13.0, 4.0, 65.21171679734829, 9.151464599668536, 57.47447786489886]
[13.0, 10.010042032946625, 2.535564168047763, 7.434309733112357, 30.0]
[-3.312971232283701, -2.8686194662247155, 47.33021799075128, 8.031465904004897, 58.948128130119585]
[13.0, 10.607198203839165, 24.0, 8.031465904004897, 58.948128130119585]
[13.0, 7.434309733112357, -11.201674764401666, 8.890043337282986, 30.0]
[13.0, -6.041507936951522, 24.0, 8.890043337282986, 59.80670556339767]
[30.17154866556179, 4.0, 52.48168259041982, 4.0, -18.938913696851095]
[37.0401681317865, 4.0, 24.0, 4.0, 30.0]
[37.0401681317865, 9.151464599668536, 55.05741489025409, 4.0, -16.36318139701683]
[-10.190549029033459, 9.151464599668536, 55.05741489025409, 10.607198203839165, -14.402521929125193]
[-0.7372389324494311, -4.324353070395343, 52.33305529817695, 10.607198203839165, 60.908787598011216]
[13.0, 12.585774332780895, 24.0, 4.0, 60.908787598011216]
[0.11238017030361291, -4.585774332780895, 50.76452772386364, 4.0, 1.051871869880415]
[13.0, -4.585774332780895, 50.76452772386364, 4.0, 1.051871869880415]
[34.47339416247728, 9.748620770561075, 62.63598449751402, -2.6071982038391637, 59.80670556339767]
[13.0, 4.0, -14.635984497514023, -2.6071982038391637, 59.80670556339767]
[-8.47339416247728, 4.0, 24.0, -2.6071982038391637, 30.0]
[25.02008406589325, 14.900085370229611, 24.0, 4.0, -19.79749113012919]
[40.7464690720618, 15.603494796849045, 108.91818467255341, 16.131169238936202, -38.82945711796353]
[13.0, 10.404422265876386, 24.0, -2.404422265876386, -41.05399125662632]
[-13.013444895070911, 4.0, 24.0, -5.870470619858159, 30.0]
[13.0, 19.59721759291797, -17.592580247781257, 4.0, -54.4266747108815]
[13.0, 19.069543150830818, -17.592580247781257, -4.137446442867272, -54.4266747108815]
[51.144614134007114, -9.864193415927087, 24.0, 10.404422265876386, 88.43131205601821]
[52.859556070790376, 17.864193415927087, -19.62560612623097, -2.404422265876386, 88.43131205601821]
[13.0, 4.0, 24.0, 16.131169238936202, 30.0]
[-11.280420718080023, 14.398145061945314, -59.18516049556251, -8.1311692389362, 85.45677366370835]
[-26.859556070790376, 19.59721759291797, 89.85491872565366, -9.864193415927087, 133.98145061945314]
[13.0, 19.59721759291797, -38.68887207313072, 4.0, 130.02389230379947]
[-7.814372364098254, -16.268615681803475, 24.0, -5.870470619858159, -51.45213631857163]
[33.814372364098254, 4.0, 24.0, -4.137446442867272, 30.0]
[-9.529314300881516, -7.603494796849045, -38.68887207313072, -4.66512088495443, -27.189797840699235]
[13.0, 12.137446442867272, 69.05862860176303, 4.0, 133.98145061945314]
[58.05862860176303, -4.66512088495443, -17.89258194924009, 4.0, 30.0]
[61.95534764211142, 16.238836910527855, 74.70375291504396, -2.993621091730203, 113.42758084456682]
[13.0, 20.95169502238408, 24.0, -2.993621091730203, 30.0]
[53.23156400282157, -12.95169502238408, 76.45215818797652, -2.461263384788772, 30.0]
[13.0, 14.490431637595304, 71.20694236917888, 17.454884476518977, -65.66641775509467]
[-14.992727092293713, 26.19691084118173, 24.0, 16.238836910527855, 97.69193338817387]
[46.219700185718466, 23.23245800225806, 24.0, 4.0, 30.0]
[46.219700185718466, 10.993621091730203, 87.24525412978835, -5.958073930653875, 30.0]
[13.0, 21.48405272932551, -53.232496313248745, 4.0, -46.92983200903224]
[56.728374548686666, 16.238836910527855, 102.9809015861813, 16.238836910527855, -46.433959752836614]
[13.0, 10.993621091730203, 80.25163303805815, 16.238836910527855, 92.94258982557183]
[53.23156400282157, 4.0, 78.20056346090908, 15.706479203586426, 83.70469120471344]
[13.0, 4.0, 96.60166671792805, 15.806389903069752, -44.05974657940118]
[-34.62823550740184, 4.0, 96.60166671792805, -8.343291096566864, 30.0]
[13.0, 4.0, 24.0, 16.343291096566865, -47.086296826211054]
[46.503218690681486, -7.806389903069752, 24.0, -4.279735304050648, -59.92969227498715]
[50.02987328970059, 4.0, 107.18163051498537, -2.5164080045410957, 30.0]
[35.923254893624176, 4.0, 82.18980088381522, 18.106618396076414, 130.00955171983523]
[13.0, 4.0, 24.0, -6.0430626035602, -62.95624252179702]
[13.0, 26.923254893624176, 70.15175722528478, -6.579963797057312, -62.95624252179702]
[35.94165331426811, 22.85969910110796, 98.05974657940118, 17.569717202579305, -31.216351130625085]
[13.0, -14.85969910110796, 89.24311008185342, -2.5164080045410957, -62.95624252179702]
[51.81159900985408, 23.396600294605072, -29.20506642332299, -6.0430626035602, 30.0]
[13.0, -2.5164080045410957, 98.05974657940118, 4.0, 105.82307387891073]
[13.0, 4.0, 24.0, 4.0, 30.0]
[13.0, 4.0, 24.0, 4.0, 30.0]
[13.0, 4.0, 24.0, 4.0, 30.0]
[13.0, 4.0, 24.0, 4.0, 30.0]
[13.0, 4.0, 24.0, 4.0, 30.0]
[13.0, 4.0, 24.0, 4.0, 30.0]
[13.0, 4.0, 24.0, 4.0, 30.0]
[13.0, 4.0, 24.0, 4.0, 30.0]
[13.0, 4.0, 24.0, 4.0, 30.0]
[13.0, 4.0, 24.0, 4.0, 30.0]
[13.0, 4.0, 24.0, 4.0, 30.0]
[13.0, 4.0, 24.0, 4.0, 30.0]
[13.0, 4.0, 24.0, 4.0, 30.0]
[13.0, 4.0, 24.0, 4.0, 30.0]
[29.136433313802602, 13.582640585079119, 66.10961096251421, 10.271644185906371, 78.38125514842059]
[13.0, 12.063542524736764, 24.0, 9.998843907418335, 30.0]
[-5.824280822048188, 7.583796677660784, -5.721419258603632, 4.0, 30.0]
[-8.502780065964703, 9.998843907418335, 24.0, 8.206945568587944, 75.43930389034512]
[23.760738297311427, -0.2069455685879431, 53.56632259070147, 4.0, 30.0]
[-6.720229991463384, 0.6890036008272538, 53.72141925860363, 9.102894738003139, 81.96505182608136]
[13.0, -3.167593355321568, 2.4972199340352965, 4.0, -2.8960155185323657]
[13.0, 4.0, 24.0, 7.310996399172746, 62.896015518532366]
[-2.2404841443874055, -4.959491694151961, 56.40926676684922, 8.47974584707598, 30.0]
[13.0, 12.95949169415196, 24.0, -0.47974584707598034, 30.0]
[29.12708504947353, -1.1028947380031386, -0.19062757421029275, 4.0, -19.023100568005894]
[-3.1270850494735285, 4.0, 4.134021604963522, 10.271644185906371, 56.87847508245588]
[13.0, 4.0, 24.0, 4.0, 30.0]
[13.0, 4.0, 24.0, 4.0, 30.0]
[13.0, 4.0, 24.0, 4.0, 30.0]
[13.0, 4.0, 24.0, 4.0, 30.0]
[13.0, 4.0, 24.0, 4.0, 30.0]
[13.0, 4.0, 24.0, 4.0, 30.0]
[13.0, 4.0, 24.0, 4.0, 30.0]
[13.0, 4.0, 24.0, 4.0, 30.0]
[13.0, 4.0, 24.0, 4.0, 30.0]
[13.0, 4.0, 24.0, 4.0, 30.0]
[13.0, 4.0, 24.0, 4.0, 30.0]
[13.0, 4.0, 24.0, 4.0, 30.0]
[13.0, 4.0, 24.0, 4.0, 30.0]
[13.0, 4.0, 24.0, 4.0, 30.0]
[13.0, 4.0, 24.0, 4.0, 30.0]
[13.0, 4.0, 24.0, 4.0, 30.0]
[13.0, 4.0, 24.0, 4.0, 30.0]
[13.0, 4.0, 24.0, 4.0, 30.0]
[13.0, 4.0, 24.0, 4.0, 30.0]
[13.0, 4.0, 24.0, 4.0, 30.0]
[13.0, 4.0, 24.0, 4.0, 30.0]
[13.0, 4.0, 24.0, 4.0, 30.0]
[-32.79772529398206, 18.097489012586642, -60.58493407551987, 4.0, 30.0]
[13.0, 4.0, 97.2763604703713, 18.65527209407426, -37.26107834745491]
[51.48920324386946, 20.487181105833542, 73.46154331750063, 13.159545058796413, 115.58016846504773]
[13.0, 19.92939802434593, -41.94872442333417, -6.43367098906808, 139.91454070555693]
[-21.806271223426364, -11.929398024345927, 86.60202593440847, 14.991454070555694, 135.73116759439984]
[40.497749173313764, 10.769852965549514, -62.41684308727915, -5.159545058796413, -68.4035315473627]
[47.825385220350896, 23.59321604786449, -60.58493407551987, 14.991454070555694, -50.60399651740843]
[-32.81683929090659, 19.92939802434593, 113.76354157620484, -6.991454070555694, -55.580168465047734]
[42.32965818507305, -17.425125059623774, 24.0, -3.32763604703713, 89.93344230041777]
[53.32111225562874, 4.0, 111.93163256444555, 4.0, 30.0]
[13.0, 4.0, -60.58493407551987, -6.991454070555694, 30.0]
[13.0, 22.319090117592825, 24.0, 14.43367098906808, 30.0]
[13.0, -18.13477653721486, 64.89973399888771, 4.0, -52.482267592997374]
[13.0, 4.0, 24.0, -2.8166223331479525, 127.7619297060323]
[-23.891294228691436, 16.35031646745167, 92.56820467040629, -3.378258845738287, -25.336941343037154]
[59.13336383138028, 4.0, 103.63559293901372, -5.222823557172859, 92.71520018877544]
[-20.202164805822292, -15.728575313189957, 24.0, 11.378258845738287, 90.34749105578251]
[-10.998587294165414, 4.0, 24.0, 16.35031646745167, -49.31628259168659]
[57.28879911994571, -14.445647114345718, 24.0, 4.0, 99.57031461295537]
[13.0, 4.0, 24.0, 4.0, -74.61704413021224]
[13.0, -8.911952980042003, 94.41276938184086, -8.911952980042003, 30.0]
[57.28879911994571, 4.0, -49.78258845738287, 16.911952980042003, 90.87063547734087]
[53.58042365156058, -2.8166223331479525, 79.33694134303715, 10.816622333147953, 121.70509115017023]
[13.0, 4.0, 24.0, 4.0, 30.0]
[13.0, 4.0, 24.0, 4.0, 30.0]
[13.0, 4.0, 24.0, 4.0, 30.0]
[13.0, 4.0, 24.0, 4.0, 30.0]
[13.0, 4.0, 24.0, 4.0, 30.0]
[13.0, 4.0, 24.0, 4.0, 30.0]
[13.0, 4.0, 24.0, 4.0, 30.0]
[13.0, 4.0, 24.0, 4.0, 30.0]
[13.0, 4.0, 24.0, 4.0, 30.0]
[13.0, 4.0, 24.0, 4.0, 30.0]
[13.0, 4.0, 24.0, 4.0, 30.0]
[13.0, 4.0, 24.0, 4.0, 30.0]
[13.0, 4.0, 24.0, 4.0, 30.0]
[13.0, 4.0, 24.0, 4.0, 30.0]
[13.0, 4.0, 24.0, 4.0, 30.0]
[34.502719449704365, 4.0, -4.9687845601550045, 4.0, 59.90326148145033]
[13.0, -2.256807168641604, 51.26159687760107, 11.191284089936927, 30.0]
[-1.9613810006371057, 4.0, -4.9687845601550045, -2.256807168641604, 30.0]
[-2.8861076620204855, -4.410292291657903, 24.0, -2.256807168641604, 30.0]
[13.0, 4.0, 24.0, 7.737907685181291, -14.589861461573726]
[32.633765607113716, 12.410292291657903, 24.0, -0.672384606476613, 75.52433838286905]
[32.633765607113716, 4.0, 52.03430763885968, -0.672384606476613, -15.524338382869047]
[24.223473315455813, 13.994714853822895, -2.327119956305747, 4.0, 75.52433838286905]
[29.83033484322775, 13.344769212953226, 55.77221532404097, 9.606861527771937, 30.0]
[13.0, 4.0, 60.44459993051758, 4.0, 58.03430763885968]
[13.0, 9.606861527771937, 69.78936914347081, -2.5413384490672586, 0.09673851854967452]
[37.29639995367839, 4.0, 69.78936914347081, -2.5413384490672586, 30.0]
[-11.296399953678389, 4.0, -20.08218146091688, 10.541338449067258, 60.83773840274564]
[-5.699288685818395, -6.929191775118218, -8.706692245336292, -1.6068615277719358, 78.32776914675502]
[-8.628237719074956, -5.1172596054877175, 24.0, -2.2961851203909847, 30.0]
[13.0, 0.2385673532043553, -3.270386689268424, 4.0, 30.0]
[13.0, 4.0, -17.375759114752093, -0.41546879699316275, 71.10906035188947]
[-9.57840750509325, -4.463223455290201, -0.612096458561151, 9.355826958692074, 2.055953911895294]
[26.165014263784755, -0.41546879699316275, 47.50895404247278, -1.3558269586920737, 30.0]
[30.866805072279313, 4.0, -7.031819336064068, 8.415468796993164, -8.28798586679273]
[34.62823771907496, 11.236543282089896, -17.53854336914155, 4.0, 30.0]
[33.697691181695426, 11.52286529359129, 67.25647543814992, -1.3558269586920737, -2.6458368965992634]
[13.0, -0.7017908084945557, -2.330028527569514, 4.0, 30.0]
[13.0, -0.7017908084945557, 48.612096458561155, -3.2365432820898956, 3.9366702352931178]
[13.0, 4.0, 66.316117276451, -1.6421489701934675, 76.07754992324665]
[24.294109564706314, 9.355826958692074, 64.59818520744264, 9.642148970193468, 76.07754992324665]
[13.0, 4.0, 24.0, 4.0, 30.0]
[13.0, 4.0, 24.0, 4.0, 30.0]
[13.0, 4.0, 24.0, 4.0, 30.0]
[13.0, 4.0, 24.0, 4.0, 30.0]
[13.0, 4.0, 24.0, 4.0, 30.0]
[13.0, 4.0, 24.0, 4.0, 30.0]
[13.0, 4.0, 24.0, 4.0, 30.0]
[13.0, 4.0, 24.0, 4.0, 30.0]
[13.0, 4.0, 24.0, 4.0, 30.0]
[13.0, 4.0, 24.0, 4.0, 30.0]
[13.0, 4.0, 24.0, 4.0, 30.0]
[13.0, 4.0, 24.0, 4.0, 30.0]
[13.0, 4.0, 24.0, 4.0, 30.0]
[13.0, 4.0, 24.0, 4.0, 30.0]
[13.0, 4.0, 24.0, 4.0, 30.0]
[-4.140911277959869, 13.227429876188834, 56.35851984209115, 4.0, -27.103270309572615]
[36.79302929565526, 9.710327030957263, -17.088761679739846, 9.710327030957263, 78.26785829123963]
[36.79302929565526, 4.0, -18.827452732179466, 4.0, 78.26785829123963]
[-2.227538749219365, -9.034314563493675, -19.779173904005674, 9.710327030957263, 30.0]
[39.64819281113389, 11.323987532536414, 50.81294410234669, -2.372266360710203, -23.978185322196886]
[-2.237468934307447, 7.517102845231571, -10.26196218574357, 0.1931153126951588, 30.0]
[-3.179259921045574, 4.0, 54.455077498438726, 7.806884687304841, -12.557531260282367]
[-9.841308123829048, 8.468824017057782, -7.406798670264941, 0.1931153126951588, 30.0]
[24.430584247002606, 4.0, 24.0, 8.758605859131052, 30.0]
[0.6176945811711825, 4.0, -7.571549961477739, -2.662048202783472, 30.0]
[-5.092632449786077, 10.662048202783472, -4.71638644599911, 4.0, -1.4067986702649407]
[13.0, 4.0, 24.0, 4.0, 30.0]
[13.0, 4.0, 24.0, 4.0, 30.0]
[13.0, 4.0, 24.0, 4.0, 30.0]
[13.0, 4.0, 24.0, 4.0, 30.0]
[13.0, 4.0, 24.0, 4.0, 30.0]
[13.0, 4.0, 24.0, 4.0, 30.0]
[13.0, 4.0, 24.0, 4.0, 30.0]
[13.0, 4.0, 24.0, 4.0, 30.0]
[13.0, 4.0, 24.0, 4.0, 30.0]
[13.0, 4.0, 24.0, 4.0, 30.0]
[13.0, 4.0, 24.0, 4.0, 30.0]
[13.0, 4.0, 24.0, 4.0, 30.0]
[13.0, 4.0, 24.0, 4.0, 30.0]
[13.0, 4.0, 24.0, 4.0, 30.0]
[13.0, 4.0, 24.0, 4.0, 30.0]
[13.0, 4.0, 24.0, 4.0, 30.0]
[13.0, 4.0, 24.0, 4.0, 30.0]
[13.0, 4.0, 24.0, 4.0, 30.0]
[13.0, 4.0, 24.0, 4.0, 30.0]
[13.0, 4.0, 24.0, 4.0, 30.0]
[13.0, 4.0, 24.0, 4.0, 30.0]
[13.0, 4.0, 24.0, 4.0, 30.0]
[13.0, 4.0, 24.0, 4.0, 30.0]
[13.0, 4.0, 24.0, 4.0, 30.0]
[27.517784959535682, 16.287386810792135, 58.84268390288564, 4.0, 70.3753013919304]
[13.0, 0.4232841649292767, 1.5718526589399495, 9.807113983814272, 56.825368763030426]
[13.0, -1.807113983814273, 24.0, 7.576715835070724, 81.29617352369274]
[37.20640676224411, 12.415977488249284, 0.6040003283042381, 7.576715835070724, -2.632482746844701]
[37.20640676224411, -4.415977488249284, 24.0, 4.0, -4.842683902885639]
[13.0, 4.0, 24.0, -0.8392616531785606, 30.0]
[-8.292751273985669, 10.48027282697786, -4.067717588435652, 4.0, 73.27885838383753]
[13.0, -1.807113983814273, -16.81734162313858, 7.871409322542849, 56.825368763030426]
[-4.42134195144282, 9.512420496342148, 67.55335487860705, -2.48027282697786, 30.0]
[30.42134195144282, -1.807113983814273, 24.0, -2.48027282697786, -26.135435176871304]
[13.0, 4.0, -19.553354878607045, 11.742818645085698, 30.0]
[13.0, 8.83926165317856, 24.0, 4.0, 30.0]
[-5.399292778429835, 4.0, -9.074522978052883, 4.0, 58.76107342430185]
[13.0, 14.646375636992834, 24.0, -0.8392616531785606, 58.76107342430185]
[13.0, 10.774966314449985, 24.0, 4.0, -1.9391269109785014]
[13.0, 4.0, 24.0, 4.0, 30.0]
[13.0, 4.0, 24.0, 4.0, 30.0]
[13.0, 4.0, 24.0, 4.0, 30.0]
[13.0, 4.0, 24.0, 4.0, 30.0]
[13.0, 4.0, 24.0, 4.0, 30.0]
[13.0, 4.0, 24.0, 4.0, 30.0]
[13.0, 4.0, 24.0, 4.0, 30.0]
[13.0, 4.0, 24.0, 4.0, 30.0]
[13.0, 4.0, 24.0, 4.0, 30.0]
[13.0, 4.0, 24.0, 4.0, 30.0]
[-30.054862755742292, 13.780557463577031, 24.0, 13.780557463577031, -85.41057807020897]
[13.0, -14.965514442011894, 88.5516792596084, -7.14106847115027, 30.0]
[13.0, -14.965514442011894, 24.0, 4.0, 30.0]
[-35.902787317885156, 11.228845485719457, 24.0, -11.053291456581082, -61.93724015762409]
[13.0, 11.824445970861625, 81.06585336332458, 19.053291456581082, 121.93724015762409]
[-12.449859321303638, -23.385560898015687, 24.0, -3.8244459708616247, 135.0752399534965]
[56.05486275574229, -13.605003434438657, -23.285295899747545, 4.0, 142.8996859243581]
[13.0, -7.14106847115027, 81.06585336332458, 4.0, -39.86523308461918]
[-35.902787317885156, -14.965514442011894, 24.0, -9.692780449007843, 133.1191284607811]
[13.0, 4.0, -38.595567766893, 4.0, 30.0]
[13.0, 28.83384892015811, 24.0, 4.0, 30.0]
[54.098751263026884, -17.517226419869466, 24.0, 4.0, 30.0]
[-30.034452839738933, -17.517226419869466, 24.0, -5.780557463577031, 141.49835508477815]
[13.0, 4.0, 24.0, 4.0, 30.0]
[13.0, 4.0, 24.0, 4.0, 30.0]
[13.0, 4.0, 24.0, 4.0, 30.0]
[13.0, 4.0, 24.0, 4.0, 30.0]
[13.0, 4.0, 24.0, 4.0, 30.0]
[13.0, 4.0, 24.0, 4.0, 30.0]
[13.0, 4.0, 24.0, 4.0, 30.0]
[13.0, 4.0, 24.0, 4.0, 30.0]
[13.0, 4.0, 24.0, 4.0, 30.0]
[13.0, 4.0, 24.0, 4.0, 30.0]
[13.0, 4.0, 24.0, 4.0, 30.0]
[13.0, 4.0, 24.0, 4.0, 30.0]
[52.534974566674165, -17.13132773048874, 75.7106822350178, -7.854308023354944, 126.2498408560521]
[13.0, 4.0, 24.0, 4.0, 128.22555885994458]
[-26.514360077849815, 4.0, 71.75924622723281, -5.277019707133796, 120.32268684437463]
[-32.46212857835164, 19.805744031139923, 118.83446418683955, -9.830026027247435, 30.0]
[-30.486410574459143, 4.0, -45.492144270050204, 4.0, 30.0]
[13.0, -13.179891722703758, 115.2250423128676, 17.228455714918777, 30.0]
[13.0, -13.179891722703758, 24.0, 4.0, 108.46837882101968]
[13.0, 29.082763738273723, 111.27360630508262, -11.204173718811267, 114.9558741673771]
[13.0, -13.781462035032416, -53.39501628562017, 15.854308023354944, 116.93159217126959]
[-16.65638454721171, 4.0, -49.10156614402216, 4.0, 107.05300215180714]
[13.0, 11.33649147495176, -61.365332362493874, -5.926201437499287, 145.14393667499172]
[44.76384459999772, 4.0, 24.0, -9.896682012499001, 30.0]
[-20.769798731092507, 4.0, -37.88611143720927, 13.321731762451618, 92.96464721213763]
[-22.73432517499743, -23.793364024998002, 24.0, 4.0, 30.0]
[-30.696000168591794, -17.83764316249843, 75.95990999970999, -9.292212337451334, 87.00892634963806]
[-14.814077868592936, 4.0, 24.0, -9.896682012499001, 30.0]
[-26.70480574999715, 11.33649147495176, 105.39485178749415, 11.33649147495176, 30.0]
[-26.70480574999715, 4.0, -45.827072587208704, -7.306972049951476, 30.0]
[13.0, -21.20365406245048, 24.0, 4.0, -52.81705008713621]
[13.0, -17.83764316249843, -69.3062935124933, -7.306972049951476, -42.89084864963692]
[58.68124045609165, -3.3364914749517602, 24.0, 15.911441724999143, 98.92036807463721]
[52.91250348755293, 4.0, -63.76172272130559, -3.9783384292095993, -65.17436898251047]
[-14.944995843738536, 4.0, 24.0, -5.9729230365119985, 30.0]
[54.90708809485533, 4.0, 101.78879968479359, 11.9783384292096, 30.0]
[13.0, 21.343946614706997, 102.13407979331078, 4.0, -33.26101526567207]
[38.95041123643614, 21.343946614706997, -73.73464575781759, 13.365608185497397, -89.67507643814399]
[62.88542652406493, -9.962092251116799, 24.0, 17.354777400102193, 30.0]
[60.870030575257594, 23.338531222009397, -34.188233720286775, 13.365608185497397, -29.837538219071995]
[13.0, 4.0, -42.166572149496375, 11.9783384292096, -79.70215340163199]
[-14.944995843738536, 4.0, 24.0, 4.0, 135.14729201902247]
[13.0, 4.0, 111.76172272130559, 11.371023578194997, 30.0]
[50.897107538745594, 4.0, -39.826707433676795, -5.365608185497397, 105.22852290948647]
[13.0, 4.0, 24.0, 4.0, 30.0]
[13.0, 4.0, 24.0, 4.0, 30.0]
[13.0, 4.0, 24.0, 4.0, 30.0]
[13.0, 4.0, 24.0, 4.0, 30.0]
[13.0, 4.0, 24.0, 4.0, 30.0]
[13.0, 4.0, 24.0, 4.0, 30.0]
[13.0, 4.0, 24.0, 4.0, 30.0]
[13.0, 4.0, 24.0, 4.0, 30.0]
[13.0, 4.0, 24.0, 4.0, 30.0]
[13.0, 4.0, 24.0, 4.0, 30.0]
[13.0, 4.0, 24.0, 4.0, 30.0]
[13.0, 4.0, 24.0, 4.0, 30.0]
[13.0, 4.0, 24.0, 4.0, 30.0]
[13.0, 4.0, 24.0, 4.0, 30.0]
[13.0, 4.0, 24.0, 4.0, 30.0]
[13.0, 4.0, 24.0, 4.0, 30.0]
[13.0, 4.0, 24.0, 4.0, 30.0]
[13.0, 4.0, 24.0, 4.0, 30.0]
[13.0, 4.0, 24.0, 4.0, 30.0]
[13.0, 4.0, 24.0, 4.0, 30.0]
[13.0, 4.0, 24.0, 4.0, 30.0]
[13.0, 4.0, 24.0, 4.0, 30.0]
[13.0, 4.0, 24.0, 4.0, 30.0]
[13.0, -4.086453382086981, 24.0, 4.0, 65.09155459801423]
[-0.151033424525723, -7.1188734003695995, 24.0, 9.054033363804363, 30.0]
[-7.226680133851833, 13.800294421723653, 24.0, -3.075646709326109, -4.367426873869668]
[37.259360146260946, -2.0648400365652364, 24.0, 4.0, 74.4754936014784]
[31.205066788330086, -2.7678744034410343, 24.0, 10.064840036565236, 30.0]
[37.259360146260946, -6.108066727608726, 24.0, -3.7786810762019067, 30.0]
[27.161840097286593, 4.0, -20.650473111689692, -2.7678744034410343, 87.32930139875343]
[-12.270166819021817, 4.0, 24.0, 4.0, 30.0]
[26.140486745891344, -8.83271444000627, 24.0, -1.054033363804363, 84.29688138047081]
[13.0, 16.83271444000627, 48.43433965647223, 9.054033363804363, 86.60517367460886]
[-14.29178016454356, 11.075646709326108, 24.0, -0.7462610579192885, 30.0]
[13.0, 4.0, 24.0, 4.0, 30.0]
[13.0, 4.0, 24.0, 4.0, 30.0]
[13.0, 4.0, 24.0, 4.0, 30.0]
[13.0, 4.0, 24.0, 4.0, 30.0]
[13.0, 4.0, 24.0, 4.0, 30.0]
[13.0, 4.0, 24.0, 4.0, 30.0]
[13.0, 4.0, 24.0, 4.0, 30.0]
[13.0, 4.0, 24.0, 4.0, 30.0]
[13.0, 4.0, 24.0, 4.0, 30.0]
[13.0, 4.0, 24.0, 4.0, 30.0]
[13.0, 4.0, 24.0, 4.0, 30.0]
[13.0, 4.0, 24.0, 4.0, 30.0]
[13.0, 4.0, 24.0, 4.0, 30.0]
[13.0, 4.0, 24.0, 4.0, 30.0]
[13.0, 4.0, 24.0, 4.0, 30.0]
[13.0, 4.0, 24.0, 4.0, 30.0]
[13.0, 4.0, 24.0, 4.0, 30.0]
[13.0, 4.0, 24.0, 4.0, 30.0]
[13.0, 4.0, 24.0, 4.0, 30.0]
[13.0, 4.0, 24.0, 4.0, 30.0]
[13.0, 4.0, 24.0, 4.0, 30.0]
[13.0, 4.0, 24.0, 4.0, 30.0]
[13.0, 4.0, 24.0, 4.0, 30.0]
[13.0, 4.0, 24.0, 4.0, 30.0]
[13.0, 4.0, 24.0, 4.0, 30.0]
[13.0, 8.094511215001422, -17.122311110572795, 4.0, -0.7088341125106652]
[29.378044860005687, 4.0, 60.85060093501279, -2.1417668225021327, 71.96873995376458]
[13.0, -0.8064629109280892, 24.0, 10.141766822502133, -11.968739953764576]
[13.0, 9.118139018751776, 58.98054428807066, 9.830090714678445, 69.63116914508691]
[13.0, -0.8064629109280892, 60.85060093501279, 10.141766822502133, -9.631169145086908]
[-2.365097509578698, -1.1181390187517772, -12.850600935012793, 10.141766822502133, 69.63116914508691]
[28.365097509578696, 4.0, -5.685206308760307, -1.8300907146784446, 30.0]
[29.378044860005687, 4.0, 51.815149661818175, -2.1417668225021327, -9.631169145086908]
[-0.3071614487546199, 18.330789252504978, -7.909660876819597, 4.0, -8.897856542513509]
[30.40167266375604, 14.948229733430221, 71.26407793307493, 11.165394626252489, 30.0]
[-1.3307892525049763, -3.8773463221791555, 24.0, 10.141766822502133, 30.0]
[-8.496183878757464, 9.830090714678445, 24.0, 4.0, 65.82697313126243]
[35.51981168250782, 7.782835107177733, -1.5906950937588853, 10.141766822502133, 30.0]
[13.0, 4.0, 47.72063844681675, 4.0, -26.299529206269547]
[13.0, 9.830090714678445, 24.0, 4.0, 30.0]
[13.0, 4.0, 47.72063844681675, 12.189022430002844, -26.299529206269547]
[-6.448928271256754, 4.0, 51.815149661818175, 11.165394626252489, 77.08687897251636]
[68.52045722483484, 4.0, 24.0, 14.277594462909402, 30.0]
[-17.854230513852286, -6.277594462909402, 89.77660456262018, -3.5962073341866603, 30.0]
[-40.46493833225297, 19.818282904514184, 24.0, -7.7072451193504214, 30.0]
[66.44349120712889, 18.388632248073165, -66.79865964192133, 4.0, 30.0]
[-15.77726449614633, 4.0, -31.854838468029364, 4.0, 140.41504621352885]
[13.0, 26.610707818400687, 24.0, 19.818282904514184, -55.74881950254628]
[47.965268299016046, -18.610707818400687, -54.10971791811146, 19.818282904514184, -43.9986801329477]
[13.0, 4.0, 81.91035736061124, 4.0, 30.0]
[54.131824976761685, 26.610707818400687, 24.0, 17.762764011932305, 30.0]
[-11.687673836106644, 26.610707818400687, -21.577244005119958, 11.59620733418666, -76.3040084283651]
[-21.94382117389197, 4.0, 87.72108567003829, 4.0, 126.60938795134838]
[47.94382117389197, -14.499670033236924, 87.72108567003829, -6.277594462909402, 30.0]
[13.0, 4.0, 24.0, 4.0, 30.0]
[13.0, 4.0, 24.0, 4.0, 30.0]
[13.0, 4.0, 24.0, 4.0, 30.0]
[13.0, 4.0, 24.0, 4.0, 30.0]
[13.0, 4.0, 24.0, 4.0, 30.0]
[13.0, 4.0, 24.0, 4.0, 30.0]
[13.0, 4.0, 24.0, 4.0, 30.0]
[13.0, 4.0, 24.0, 4.0, 30.0]
[13.0, 4.0, 24.0, 4.0, 30.0]
[13.0, 4.0, 24.0, 4.0, 30.0]
[13.0, 4.0, 24.0, 4.0, 30.0]
[13.0, 4.0, 24.0, 4.0, 30.0]
[13.0, 17.150314258953685, 72.86300808505587, 4.0, 84.89863813239003]
[13.0, 4.0, 72.86300808505587, 4.0, 82.53321737816479]
[-9.788113941746804, -4.286586887907928, -20.71971464110191, -1.1791168049424554, 30.0]
[13.0, 4.0, -12.253817634597183, -2.214940165930946, -32.14940165930946]
[13.0, -9.150314258953687, 24.0, 4.0, 89.78398090508423]
[-4.619804837628571, 17.465703692850383, 59.217994273608696, 4.0, -3.888396880371957]
[31.655628198617062, 15.078667536976704, 24.0, 10.214940165930946, 30.0]
[13.0, 4.0, -8.110524190643225, 4.0, 30.0]
[13.0, -1.8995507320342488, 24.0, -1.8995507320342488, 30.0]
[27.501527053838874, 4.0, 24.0, 11.97119745401123, 86.67651082211876]
[13.0, -5.007020814999722, -9.146347551631713, 0.17209598994273367, 30.0]
[39.94221508652499, 13.32241024889642, -10.182170912620201, 4.0, 30.0]
[39.94221508652499, 4.0, 58.1821709126202, 10.935374093022741, 30.0]
[29.63615728461565, 4.0, 69.92942408868893, -3.2783188120193465, 30.0]
[-4.686765888544528, -2.961730794589169, 68.88966425840044, 7.842451303723735, -18.868712023558473]
[32.75543677548109, 17.200289776320037, 67.66991287211607, 4.0, 89.26631032644325]
[13.0, -4.318078642307825, -0.09446765263088253, -0.15903932115391228, 72.33526257167823]
[-7.795196605769561, 14.39759830288478, 73.90847185384695, 4.0, -28.971419856293878]
[34.834956436058036, 16.477117963461737, 51.03375558750043, -2.961730794589169, 30.0]
[13.0, -10.556637624038693, -8.412546294938707, 0.15754869627626578, 30.0]
[-4.675917114904127, -10.556637624038693, -10.312074399519773, 4.0, 30.0]
[32.766285549121484, 4.0, 24.0, -4.318078642307825, -26.89190019571692]
[-0.5168777937502149, -6.397598302884781, -18.630153041827597, 4.0, -5.351834229808254]
[-4.686765888544528, -1.9219709643006908, 24.0, -1.9219709643006908, -10.255742911101272]
[13.0, 4.0, 24.0, -1.9219709643006908, -12.630153041827597]
[44.30905828162283, 26.324440032382473, 126.27625705330125, -6.436352760540943, 151.06169202227494]
[-20.4181072532145, -5.8008167197333425, 24.0, -10.61089386475732, 142.7126098138422]
[13.0, -7.888087271841531, 74.09449325059653, 4.0, 30.0]
[-43.356304906921096, 4.0, 24.0, 11.713546167625152, 30.0]
[56.83268159427196, 4.0, 24.0, -3.713546167625152, 30.0]
[13.0, 4.0, -30.269034354812902, 4.0, -52.89884288248692]
[56.83268159427196, 26.959976073190077, 101.22901042800298, -9.97535782394972, 138.5380687096258]
[13.0, 4.0, 126.27625705330125, 4.0, -47.22901042800298]
[-18.33083670110631, 4.0, 24.0, -8.523623312649132, 123.33519564302786]
[-18.33083670110631, 17.97535782394972, 99.50306473526555, 16.523623312649132, 123.33519564302786]
[48.483599385839206, -24.58625168870704, 99.50306473526555, 4.0, -46.63703122616235]
[-3.759224982802717, 15.521967175676869, 24.0, 4.0, 68.75570777273128]
[-15.281192158479584, 4.0, 24.0, 10.284709368551018, 59.03157176693109]
[-13.186289035629244, 4.0, 58.565901527030604, -0.9183277970159818, 30.0]
[-14.233740597054414, 9.965779358441152, -13.708256211306114, 4.0, -1.4235468427550941]
[27.664321859952377, 4.0, 50.36761209782038, 12.060682481291492, 30.0]
[13.0, -6.474515614251699, 24.0, 12.060682481291492, 92.84709368551019]
[-14.233740597054414, -3.013230919866322, 24.0, 4.0, 67.41118425833244]
[-10.043934351353737, 4.0, 71.13532026413264, 7.870876235590812, 76.83824831115898]
[38.138837474204074, 4.0, -6.376095281329924, -1.2372578071258493, -5.316281135482107]
[13.0, 4.0, 67.12683708062309, 0.12912376440918827, 30.0]
[13.0, 4.0, 24.0, 4.0, 30.0]
[13.0, 4.0, 24.0, 4.0, 30.0]
[13.0, 4.0, 24.0, 4.0, 30.0]
[13.0, 4.0, 24.0, 4.0, 30.0]
[13.0, 4.0, 24.0, 4.0, 30.0]
[13.0, 4.0, 24.0, 4.0, 30.0]
[13.0, 4.0, 24.0, 4.0, 30.0]
[13.0, 4.0, 24.0, 4.0, 30.0]
[13.0, 4.0, 24.0, 4.0, 30.0]
[13.0, 4.0, 24.0, 4.0, 30.0]
[13.0, 4.0, 24.0, 4.0, 30.0]
[13.0, 4.0, 24.0, 4.0, 30.0]
[13.0, 4.0, 24.0, 4.0, 30.0]
[44.6474106489066, 20.87861901275019, 24.0, -12.236214827842971, 122.83240457012604]
[13.0, 11.796905321467879, -54.428842577713866, -10.1263874512492, 30.0]
[42.53758327231283, -18.565696957624294, 24.0, 4.0, 133.3815414530949]
[-29.196547531875474, 13.906732698061653, 85.55022356496369, 12.439309506375094, 151.7716112088223]
[13.0, 4.0, 85.55022356496369, 4.0, -96.58964259562642]
[13.0, 4.0, 24.0, 4.0, 30.0]
[13.0, -14.988446389343963, 24.0, 14.549136882968869, 149.66178383222854]
[44.66942442455192, 30.78535171081184, -35.07516654462566, -5.906732698061653, -60.72257719353226]
[13.0, -22.78535171081184, -31.220741435182354, 4.0, -60.72257719353226]
[-24.99890655433324, 4.0, -75.16188669990736, -8.65896425956264, -77.00281957266589]
[-29.218561307520787, 4.0, 99.95378555737585, 16.65896425956264, 30.0]
[57.306374908469245, 4.0, 24.0, -8.016560074655425, 112.28326768715718]
[13.0, 29.31792851912528, -48.09936044793254, 16.65896425956264, 107.46523630035306]
[13.0, 18.1263874512492, 24.0, 11.796905321467879, -77.60119620628245]
[-35.54804343730211, 4.0, -33.33056881177613, -4.4393095063750945, 30.0]
[37.34694567438694, 4.0, 24.0, 4.0, 30.0]
[40.53367920356134, 11.409939987856895, -21.701449307289245, 4.0, -2.5152252458725854]
[38.405508529795064, 4.0, 24.0, 4.0, -4.932574228468212]
[-0.7723620832556826, 17.76131712030566, 66.3425142163251, 10.351377132448766, -22.627919498627016]
[-9.22981996357068, 4.0, 54.881569331575456, 4.0, 30.0]
[13.0, 7.9119382239530935, 24.0, 4.0, -9.925165233729487]
[-1.8309249386638093, 4.0, 24.0, 4.0, -14.45963992714136]
[31.006613504888193, 4.0, 55.94013218698358, -3.0876267901774774, -22.92814277040638]
[13.0, 4.0, 65.46719788565673, 4.0, 87.92073377566766]
[-12.416553492745088, 9.292814277040637, 24.0, 9.292814277040637, -14.45963992714136]
[-13.46407138520319, -1.2928142770406383, 24.0, 9.292814277040637, 72.04229094454574]
[-12.502911024228247, 11.111708338206732, -4.862176240025789, -3.435116655730936, 0.5607767140132438]
[-11.429669011687363, 14.621595222472767, -23.797178501127448, 10.049548815959454, 66.1134237564074]
[13.0, 4.0, 24.0, -2.0495488159594544, 83.10797611236383]
[-10.378591979733692, 0.07477022853509929, -0.613538151036682, 4.0, 83.10797611236383]
[-1.870233311461872, -4.497276177978213, 24.0, 10.049548815959454, 63.98910471191285]
[27.870233311461874, 18.870233311461874, 66.67025002924038, 7.925229771464901, -27.35661420135294]
[-12.502911024228247, 4.0, 24.0, 4.0, 30.0]
[13.0, 4.0, 49.675697673283956, 4.0, 92.66741181258932]
[-10.378591979733692, 4.0, 67.54854041213835, 4.0, 30.0]
[-5.0567118782037035, 17.808073789214596, 55.8647856674183, 4.0, 68.99865898621225]
[13.0, 4.0, 58.17297385126217, 4.0, 30.0]
[-7.248398382921511, 4.0, 71.95673301218253, 0.06166719323877645, 80.85159961167919]
[13.0, 4.0, 0.3700031594326596, 4.0, -22.98300996777619]
[-1.9309919780709777, 15.722756958533505, -25.206921113731354, 9.328525890242503, 88.61378479266753]
[13.0, -1.3285258902425028, 24.0, 0.06166719323877645, -28.61378479266753]
[40.71945411465298, 10.069743162858225, -7.971155341455017, 4.0, 30.0]
[32.19381269026498, 12.201153518955227, 24.0, -3.4599362463395034, -29.679489970716027]
[33.24839838292151, 12.525641424388004, -1.76140719666434, 4.0, 89.67948997071602]
[32.19381269026498, -4.201153518955227, 51.70833462926102, -0.26282071219400205, -18.72018925558219]
[31.116988026824508, 4.0, -3.7083346292610138, -3.4599362463395034, 30.0]
[38.57692427316401, -4.525641424388004, 66.81269004544035, -2.3942310682910026, 61.97115534145502]
[13.0, -4.201153518955227, 24.0, -2.3942310682910026, 61.97115534145502]
[37.52233858050748, 12.525641424388004, -18.81269004544035, 4.0, 30.0]
[13.0, 4.0, 24.0, 4.0, 30.0]
[39.65374893660449, 4.0, 24.0, -4.201153518955227, -26.482374436570524]
[13.0, 7.9512526024350985, -8.07603748695582, -0.27680499826077565, 30.0]
[-10.522427490434268, -3.158856351130681, -3.79923248869504, 4.0, -10.62964748347737]
[36.52242749043427, 11.484408746956358, 24.0, -2.089655101565487, 30.0]
[-4.107219993043103, 4.0, 24.0, 9.020453852000294, 30.0]
[13.0, 7.9512526024350985, 67.83725123217295, 11.484408746956358, -13.534010762610762]
[13.0, -4.228057600695875, -2.9151193633061716, 8.276804998260776, 64.2144399860862]
[27.97997345704446, 4.0, 52.86843373826024, 11.484408746956358, 77.81081576087155]
[13.0, -4.553609996521551, 24.0, 11.15885635113068, 80.25245872956411]
[35.46438220400081, -7.435661349391456, -11.468729359827726, 9.020453852000294, 30.0]
[35.46438220400081, -7.761213745217134, -11.468729359827726, -1.3460062478259696, 64.2144399860862]
[-10.522427490434268, 15.761213745217134, -11.468729359827726, -1.0204538520002933, 64.2144399860862]
[13.0, 7.9512526024350985, 62.49124498434698, 4.0, 0.3656054817367611]
[13.0, -3.4844087469563574, 53.05352186243656, 10.415207497391163, 30.0]
[13.0, 4.0, -1.6608299895646539, 9.346006247825969, 30.0]
[35.45322624086907, -0.27680499826077565, -1.6608299895646539, -1.0204538520002933, 93.08287372434644]
[13.0, 17.94443835872098, 24.0, 4.0, -30.06834985295192]
[29.08973656775498, 4.0, -15.688016867128944, -2.435894627101991, -12.601745851098428]
[13.0, 9.036643317436258, -18.905964180679945, 4.0, 30.0]
[13.0, 10.109292421953256, 24.0, -3.50854373161899, -34.35894627101992]
[-5.235034776788975, -6.726491045169986, -13.542718658094948, 4.0, -22.559806121332933]
[-7.3803329858229745, -6.39988884002125, -14.615367762611946, -2.435894627101991, 30.0]
[-10.609472237157576, 4.0, -14.615367762611946, 4.0, 69.68801686712894]
[13.0, -5.327239735504252, 24.0, -4.254590630987254, -30.06834985295192]
[32.318875819089584, 4.0, -1.929263486549548, -3.50854373161899, -7.542718658094948]
[13.0, -3.50854373161899, 55.29250900913454, 10.109292421953256, 83.32823689626841]
[13.0, -19.01782573994908, 24.0, 21.2168008768375, 30.0]
[-25.760256818955995, -13.2168008768375, -47.39185104194917, 11.953124972716267, 30.0]
[13.0, -6.760500548023437, 91.08765082273979, 4.0, 30.0]
[-47.25880306893125, 16.257325191925645, 24.0, 4.0, -68.99660504181563]
[-23.585701863279688, -15.368900986442188, 112.23610449379218, 19.064700767232814, 136.99463970667514]
[56.04200219209375, 11.953124972716267, -27.650402630512502, -8.257325191925643, 141.90920569944376]
[-27.912356928560683, 4.0, -23.718749836297604, -8.912600657628126, 136.99463970667514]
[56.04200219209375, -4.60840043841875, -27.650402630512502, -8.257325191925643, -81.90920569944375]
[13.0, 4.0, -38.41090317853594, -6.760500548023437, 30.0]
[-19.30395649014193, -23.977301424860936, 127.300805261025, 4.0, 30.0]
[-19.30395649014193, -23.322025959158456, 127.300805261025, 4.0, 30.0]
[60.36865725737474, 4.0, -40.56300328814062, -6.105225082320956, 30.0]
[13.0, -6.760500548023437, 88.56300328814062, 14.760500548023437, -53.931904274582806]
[-42.95460284972187, 4.0, 24.0, 4.0, 30.0]
[-9.678774981428546, 4.0, 63.045447487034, 10.476432156972319, 87.20848405325548]
[43.22335006587082, 4.0, -10.540971503852361, 4.0, 77.18770131954942]
[13.0, 7.988962075683098, -10.727826049052453, 4.0, 88.28788941275086]
[13.0, 9.068367435178484, 24.0, 4.0, -8.552458443586332]
[-12.916991059914704, 4.0, 60.886636768043225, 9.397026797476931, 30.0]
[-13.985133987384657, 11.227178154169257, -1.905728627889271, 11.555837516467705, 30.0]
[13.0, 11.555837516467705, -28.89086261527393, -0.3176214379815452, 87.98175491450328]
[-8.588107189907724, 4.0, 76.89086261527393, 7.988962075683098, 30.0]
[-7.519964262437771, 11.227178154169257, -28.89086261527393, 4.0, 87.98175491450328]
[35.678774981428546, -5.385988873160031, 24.0, 7.988962075683098, 30.0]
[-9.678774981428546, -5.714648235458476, 54.22335006587082, 4.0, 77.18770131954942]
[35.678774981428546, 4.0, -6.223350065870818, 4.0, 30.0]
[0.0358732540299318, 4.0, 24.0, 11.227178154169257, 90.44670013174164]
[-1.0322696734400214, 4.0, 67.17621437981545, 10.147772794673871, 92.29937635248483]
[69.30124383751334, -15.488892097600772, 24.0, 4.0, 30.0]
[-41.13581138222436, -6.167827353197556, -51.79013593511411, -4.00239489790858, 30.0]
[-41.13581138222436, 4.0, -47.83412639563019, -4.661729821155898, 30.0]
[47.66951323935878, 12.661729821155898, -65.157586037942, 19.15802718702282, 109.50685383191512]
[13.0, -16.99498962964243, 24.0, -4.00239489790858, 123.11359557742591]
[39.007783418202884, -11.158027187022821, 24.0, 4.0, 30.0]
[13.0, -12.664124719064478, 78.13581138222436, 16.33325980848653, 120.94816312213693]
[-19.504080784069806, 24.99498962964243, 24.0, 4.0, -51.6722862872041]
[-15.173215873491856, 4.0, -79.94075785387078, 4.0, 138.27162276444872]
[49.83494569464776, 22.829557174353454, 97.62470347982513, -12.664124719064478, 118.78273066684795]
[-25.977784195201544, 4.0, 93.66869394034123, -13.323459642311796, -58.782730666847954]
[64.97037892693538, 4.0, 24.0, 14.827162276444874, 105.79013593511411]
[13.0, 4.0, 24.0, 4.0, 30.0]
[13.0, 4.0, 24.0, 4.0, 30.0]
[13.0, 4.0, 24.0, 4.0, 30.0]
[13.0, 4.0, 24.0, 4.0, 30.0]
[13.0, 4.0, 24.0, 4.0, 30.0]
[13.0, 4.0, 24.0, 4.0, 30.0]
[13.0, 4.0, 24.0, 4.0, 30.0]
[13.0, 4.0, 24.0, 4.0, 30.0]
[13.0, 4.0, 24.0, 4.0, 30.0]
[13.0, 4.0, 24.0, 4.0, 30.0]
[13.0, 4.0, 24.0, 4.0, 30.0]
[-21.854696188801775, -11.248929582600777, 108.95832196020433, 4.0, 160.70511070800666]
[13.0, -23.656151711384275, 24.0, 12.713674047200444, 149.19518810747758]
[13.0, 22.94247766418383, 24.0, 4.0, 92.55630680067468]
[13.0, -19.96260362980122, 24.0, -6.892092559000554, 30.0]
[-21.854696188801775, -19.96260362980122, 122.40593640250219, -6.892092559000554, -91.37360661927768]
[47.854696188801775, -17.78418511800111, -52.62175128450109, -6.892092559000554, 149.8130181490061]
[13.0, -6.228803616983386, 24.0, 14.892092559000554, -70.2072515428051]
[13.0, -6.892092559000554, 98.06622940120377, 14.892092559000554, -65.23258447767634]
[13.0, -6.228803616983386, 93.70939237760355, 4.0, 30.0]
[69.63888130680289, -4.713674047200444, -50.06622940120377, -4.713674047200444, 30.0]
[-21.877425639046088, 4.0, 106.77990344840421, -6.228803616983386, 156.34827368440642]
[50.033114700601885, -19.29931468778405, -54.800169796301205, -6.228803616983386, 30.0]
[41.342170103645756, 12.050385105183276, 24.0, -8.407222128783499, 92.55630680067468]
[26.12012123059584, -5.831542460152946, 55.86851751865487, -4.739148853469285, 30.0]
[30.489695657330483, -8.776109232114159, 53.68373030528754, 11.646755246785624, 89.77183022029539]
[35.94026574035687, 14.591322018746837, 51.498943091920225, 4.0, 30.0]
[13.0, -6.923936066836607, 53.49462738045884, 4.0, -16.972925087397407]
[26.12012123059584, 4.0, 73.34681522559343, 4.0, 74.47831972672415]
[26.12012123059584, 4.0, -27.34249951413205, 4.0, 76.97292508739741]
[-1.201116886887588, 13.498928412063178, 24.0, 8.036960378644874, -1.3695964465202124]
[34.847872133673214, 4.0, 24.0, 4.0, 30.0]
[30.47829770693857, -10.201116886887588, 49.3141558785529, 8.369574426734642, 72.29353251335682]
[-5.5706913136222305, 4.0, 24.0, -0.03696037864487334, -23.217468580193433]
[13.0, 4.0, 55.86851751865487, 4.0, -22.43489312081571]
[34.85927008406512, 14.591322018746837, -19.88484719217513, -2.5543616401019635, 30.0]
[13.0, 9.477689533577541, 73.29920580219786, 10.239656009849885, -17.89295798058965]
[-12.19737185445669, -7.717345543427426, -24.20366789548236, 4.0, 91.03941286117575]
[13.0, 16.050916973870592, 70.20223931282337, 4.0, 30.0]
[13.0, 19.00395926357395, 24.0, 12.430731823280901, -18.20366789548236]
[-8.922188892085387, -9.146454880586099, 24.0, 4.0, 30.0]
[13.0, -4.430731823280901, 24.0, 8.048580196418868, 30.0]
[13.0, 4.0, 24.0, 10.239656009849885, -24.466185420882695]
[13.0, 13.52626972999641, -2.482556991944225, -1.477689533577541, -34.63673649621498]
[29.444499358507844, 16.050916973870592, 51.57809489865973, 4.0, 30.0]
[-4.528606507448131, 16.050916973870592, -5.5795234813187236, -1.1441181031343772, -35.7322744029305]
[-4.540037265223354, 4.0, -13.437936059099307, -0.04858019641886813, 30.0]
[30.52860650744813, 9.477689533577541, -23.108129988766855, -2.2396560098498854, -18.988495887305156]
[-4.528606507448131, 4.0, -21.106701406107867, 10.57322744029305, 78.98849588730516]
[-46.34965646717935, 4.0, 24.0, 12.120111365649647, 104.08455305389955]
[-44.152370165258155, 4.0, 118.4833109826116, 4.0, 99.68998045005715]
[41.58764824028255, -23.89568808294045, -75.25825313808548, 4.0, 30.0]
[-41.932157548030006, -15.7755767172908, 24.0, 19.3810041134484, 134.84656128079638]
[43.7620082268968, -4.7891452076848005, 99.08810381695228, 4.0, 30.0]
[-15.587648240282551, 12.120111365649647, 24.0, 16.514683969492047, 126.68059728453281]
[41.58764824028255, 12.120111365649647, -55.1023068691632, -9.1837178115272, -66.68059728453281]
[-44.152370165258155, 4.0, 77.11524079774028, 19.3810041134484, -50.676411959663156]
[13.0, 4.0, -30.932157548030006, 4.0, 30.0]
[-46.326730151872404, 4.0, 107.4968794730056, 21.5782904153696, 30.0]
[72.3267301518724, 17.183717811527202, 24.0, -13.578290415369601, 128.25470237503276]
[-15.587648240282551, -26.762008226896803, 24.0, 4.0, 30.0]
[52.5511534345816, 4.0, 122.877883586454, -4.120111365649647, 30.0]
[-3.5256544664312024, -8.885072761533843, -9.242024658719856, -0.4068411910483203, -21.78038399481776]
[27.32223387090704, 17.22052357314496, 24.0, 8.071390379437203, -19.26450290773439]
[13.0, -8.11881327538288, 24.0, 4.0, 30.0]
[13.0, 4.0, 69.17012220824529, 8.40684119104832, 86.18722518586608]
[-1.3222338709070414, 17.986783059295924, -13.45815012391072, 8.071390379437203, -31.69577667467648]
[37.24912171079171, 4.0, -21.17012220824528, 4.0, 30.0]
[33.93249565747952, 4.0, -27.97109972067522, -2.2748109749613636, 60.535427845779026]
[32.84228051974338, 16.11881327538288, -29.983804590341926, 10.61026178657248, -0.5354278457790222]
[-7.943990817505469, -3.3765212727234433, -20.259127636340658, -3.71197208433456, -15.170122208245282]
[-7.943990817505469, 4.0, 70.27183250600737, 4.0, 30.0]
[35.0342059552416, 11.376521272723444, -20.259127636340658, 11.376521272723444, 30.0]
[-15.655962901840027, -2.2748109749613636, 24.0, 11.71197208433456, -10.76328101719696]
[36.14741141302963, -1.1731006771992831, -3.5427574440520004, 4.0, 69.66157071943488]
[36.14741141302963, 4.0, -1.5300525743852944, 4.0, 67.1456896323515]
[72.67902816236041, 21.675844329867775, 24.0, 4.0, 30.0]
[74.86545515453722, 18.793617021810675, 24.0, 14.374655939343729, 30.0]
[54.98013028343597, 4.0, 24.0, 4.0, 136.05506597920666]
[-33.39909136590291, 25.42205864551109, 83.65597461330374, 4.0, 133.21894576926292]
[-22.35168865973555, 4.0, 90.28441623700415, -4.837922164933888, 120.58870219057235]
[13.0, 14.374655939343729, 24.0, 18.793617021810675, -93.73091030907443]
[43.93272757726861, -6.374655939343729, 119.0076632730393, -11.466363788634304, 30.0]
[13.0, -26.259980810444976, 103.92377996593014, -8.584136480577202, 140.4740270616736]
[-42.2370135308368, 14.374655939343729, -49.295338342229726, 17.256883247400832, 148.6853095578972]
[-35.63162545619305, 25.42205864551109, 24.0, 4.0, 30.0]
[61.63162545619305, 26.09480541233472, -44.87637725976279, 4.0, 30.0]
[41.72324703603513, 29.841019727978033, 24.0, -6.374655939343729, 151.52142976784097]
[13.0, 4.0, 24.0, 4.0, 30.0]
[13.0, 4.0, 24.0, 4.0, 30.0]
[13.0, 4.0, 24.0, 4.0, 30.0]
[13.0, 4.0, 24.0, 4.0, 30.0]
[13.0, 4.0, 24.0, 4.0, 30.0]
[13.0, 4.0, 24.0, 4.0, 30.0]
[13.0, 4.0, 24.0, 4.0, 30.0]
[13.0, 4.0, 24.0, 4.0, 30.0]
[13.0, 4.0, 24.0, 4.0, 30.0]
[13.0, 4.0, 24.0, 4.0, 30.0]
[13.0, 4.0, 24.0, 4.0, 30.0]
[-14.767305603932925, -6.768736596217433, 24.0, 12.5473521479028, 92.99444888511368]
[13.0, -7.106922241573169, 49.73819173179851, 4.0, 91.08807232865243]
[-17.000278928998732, 9.553461120786585, 67.50926731831558, -4.8855377932585355, 86.64530343202316]
[13.0, 4.0, 76.2025345353939, -3.7748455691012186, -8.559219953652708]
[27.450587790796295, -5.658044372060116, -28.202534535393895, 11.436659923745484, -11.095612293820729]
[-2.549691138202437, 4.0, 76.2025345353939, -3.7748455691012186, 30.0]
[-15.889586704841413, -4.547352147902799, 24.0, -3.7748455691012186, -28.8666878803378]
[-15.889586704841413, -4.547352147902799, 50.84888395595583, -3.7748455691012186, -28.8666878803378]
[13.0, 4.0, -30.423918983708532, -1.2152754754308495, 30.0]
[30.77107558651707, 4.0, 76.39480511157412, 9.21527547543085, 30.0]
[-3.6719722391109286, 11.774845569101219, 65.28788287000094, -0.44276889662926777, 87.4409877643271]
[13.0, -1.2152754754308495, -12.845113973371674, -4.8855377932585355, 68.87422784550608]
[-9.225433359897512, -1.2152754754308495, -22.84134399078753, 11.774845569101219, 73.31699674213536]
[-9.225433359897512, 9.553461120786585, 72.87045786292194, 4.0, 30.0]
[13.0, 18.438998914045122, 70.84134399078752, -4.547352147902799, 74.42768896629268]
[13.0, 4.0, 24.0, 4.0, 30.0]
[13.0, 4.0, 24.0, 4.0, 30.0]
[13.0, 4.0, 24.0, 4.0, 30.0]
[13.0, 4.0, 24.0, 4.0, 30.0]
[13.0, 4.0, 24.0, 4.0, 30.0]
[13.0, 4.0, 24.0, 4.0, 30.0]
[13.0, 4.0, 24.0, 4.0, 30.0]
[13.0, 4.0, 24.0, 4.0, 30.0]
[13.0, 4.0, 24.0, 4.0, 30.0]
[13.0, 4.0, 24.0, 4.0, 30.0]
[13.0, 4.0, 24.0, 4.0, 30.0]
[13.0, -27.262161382045534, 24.0, 21.864092218311733, 30.0]
[13.0, 35.262161382045534, 133.41756483715938, -13.864092218311733, 30.0]
[42.02914985475657, -22.11622680200791, 124.4855187280035, 4.0, 30.0]
[53.21750656074637, 4.0, 24.0, -8.71815763827411, -81.65057636444833]
[39.81943739701257, 4.0, -42.990345818669, 19.631080691022767, -63.7864841461366]
[-24.96119596391243, 21.864092218311733, -78.71853025529246, 16.71815763827411, 143.8835878917373]
[48.75148350616844, 21.864092218311733, 24.0, -9.3980691637338, -78.78425145078963]
[53.1942074912014, 4.0, 120.01949567342557, 19.631080691022767, 30.0]
[46.4951729093345, -25.029149854756565, 122.63906110253433, 4.0, -97.2816570554711]
[13.0, 16.71815763827411, 24.0, 12.932046109155866, 30.0]
[-20.4951729093345, 4.0, 24.0, 4.0, -60.9201592324779]
[13.0, 19.631080691022767, 124.8720726298233, 4.0, 128.25250720071455]
[13.0, -24.421776646538806, 111.69782665809699, 4.0, 30.0]
[55.53577922166434, 33.103427888507184, 24.0, 21.228150535574503, 103.24299846198727]
[-27.320412685267108, 4.0, -67.78773410990726, 4.0, -43.24299846198727]
[13.0, 24.148526999735743, 24.0, 4.0, 94.28809757321582]
[-40.729405332628644, -4.2732496468030625, 24.0, -4.954900888771441, 30.0]
[13.0, -4.2732496468030625, 24.0, 12.95490088877144, 125.63025068391588]
[-27.297053999471487, -20.62597744412146, 120.65272754686843, 4.0, 107.720448906373]
[-27.297053999471487, 27.944326202153086, 24.0, -9.432351333157161, -47.720448906372994]
[13.0, 33.103427888507184, 24.0, -4.954900888771441, -41.0042732397944]
[13.0, 4.0, 75.87822310301124, 4.0, 110.59410799894297]
[-13.88806135210995, 19.67107655535002, 24.0, 4.0, 118.9140750173373]
[13.0, 4.0, 88.92303144359295, 4.0, 162.08478810937876]
[62.27531357403855, -11.671076555350021, -52.11665755455725, -4.2732496468030625, 128.50390977648584]
[-47.44558099920722, -16.148526999735743, -31.968130554821506, -13.909801777542881, -72.98136022087157]
[13.0, 4.0, 24.0, 4.0, 30.0]
[13.0, 4.0, 24.0, 4.0, 30.0]
[13.0, 4.0, 24.0, 4.0, 30.0]
[13.0, 4.0, 24.0, 4.0, 30.0]
[13.0, 4.0, 24.0, 4.0, 30.0]
[13.0, 4.0, 24.0, 4.0, 30.0]
[13.0, 4.0, 24.0, 4.0, 30.0]
[13.0, 4.0, 24.0, 4.0, 30.0]
[13.0, 4.0, 24.0, 4.0, 30.0]
[13.0, 4.0, 24.0, 4.0, 30.0]
[13.0, 4.0, 24.0, 4.0, 30.0]
[13.0, 4.0, 24.0, 4.0, 30.0]
[13.0, 4.0, 24.0, 4.0, 30.0]
[13.0, 4.0, 24.0, 4.0, 30.0]
[13.0, 4.0, 24.0, 4.0, 30.0]
[13.0, 4.0, 24.0, 4.0, 30.0]
[13.0, 4.0, 24.0, 4.0, 30.0]
[13.0, 4.0, 24.0, 4.0, 30.0]
[13.0, 4.0, 24.0, 4.0, 30.0]
[13.0, 4.0, 24.0, 4.0, 30.0]
[13.0, 4.0, 24.0, 4.0, 30.0]
[51.36677337285032, -27.57678573412485, 24.0, 12.335184583500665, 30.0]
[13.0, 15.27742347647316, -82.00778067884771, -13.357123364679193, 133.7522959835531]
[-18.60031928696642, -11.101638669384561, 125.88725549278053, -5.0219387811785285, 30.0]
[13.0, 4.0, 96.5659544539503, 4.0, 113.45293372590139]
[-20.85580398226105, 4.0, 80.77756158688788, -11.788392867062425, 30.0]
[-20.85580398226105, -18.55484695294632, 112.35434732101272, 4.0, 124.73035720237455]
[13.0, -18.55484695294632, 83.03304628218251, -9.532908171767794, -97.92294053979933]
[13.0, -4.335184583500665, 116.47487250707992, 4.0, -32.51388437625498]
[-16.344834591671788, -15.612608059973827, 24.0, 4.0, 108.94196433531212]
[13.0, -16.29936225765169, 24.0, 19.101638669384563, -37.66454085883896]
[13.0, 4.0, 24.0, 4.0, 30.0]
[13.0, 4.0, 24.0, 4.0, 30.0]
[13.0, 4.0, 24.0, 4.0, 30.0]
[13.0, 4.0, 24.0, 4.0, 30.0]
[13.0, 4.0, 24.0, 4.0, 30.0]
[13.0, 4.0, 24.0, 4.0, 30.0]
[13.0, 4.0, 24.0, 4.0, 30.0]
[13.0, 4.0, 24.0, 4.0, 30.0]
[13.0, 4.0, 24.0, 4.0, 30.0]
[13.0, 4.0, 24.0, 4.0, 30.0]
[13.0, 4.0, 24.0, 4.0, 30.0]
[32.27582828917284, -11.519442772975902, 54.79193519185774, 4.0, -27.470629612012374]
[-2.8762980284820614, 4.0, 24.0, 10.45402874446715, 30.0]
[-2.8762980284820614, 4.0, 77.25930741748891, 4.0, 89.73698311913957]
[13.0, -10.731297796326722, 24.0, 9.66588376781797, -18.405215583503626]
[13.0, 18.73129779632672, 24.0, 4.0, -20.992953910361727]
[32.2640048105811, -6.986735758721526, 24.0, 10.799060521381563, 30.0]
[13.0, 12.720382251594337, 64.79436312828938, 13.065414028508751, -24.39248417105251]
[13.0, 13.065414028508751, 64.79436312828938, 4.0, -21.804745844194407]
[-7.397181564144692, 4.0, 24.0, 8.532707014254376, -28.60380636557597]
[-3.9976513034539103, -3.5872054980307437, -20.390056234620864, 8.187675237339961, 30.0]
[13.0, 4.0, 24.0, -1.3208519909035559, -26.658837678179694]
[13.0, 4.0, -28.126130663925323, 4.0, 30.0]
[-4.009474782045654, 13.853559005157932, -3.1962420855262543, 4.0, 85.5256609246161]
[-15.341242317681594, 4.0, 60.457818959675706, 10.799060521381563, 30.0]
[13.0, 4.0, 24.0, 4.0, 30.0]
[13.0, 4.0, 24.0, 4.0, 30.0]
[13.0, 4.0, 24.0, 4.0, 30.0]
[13.0, 4.0, 24.0, 4.0, 30.0]
[13.0, 4.0, 24.0, 4.0, 30.0]
[13.0, 4.0, 24.0, 4.0, 30.0]
[13.0, 4.0, 24.0, 4.0, 30.0]
[13.0, 4.0, 24.0, 4.0, 30.0]
[13.0, 4.0, 24.0, 4.0, 30.0]
[13.0, 4.0, 24.0, 4.0, 30.0]
[13.0, 4.0, 24.0, 4.0, 30.0]
[13.0, 4.0, 24.0, 4.0, 30.0]
[13.0, 4.0, 24.0, 4.0, 30.0]
[13.0, 4.0, 24.0, 4.0, 30.0]
[13.0, 4.0, 24.0, 4.0, 30.0]
[13.0, 4.0, 24.0, 4.0, 30.0]
[13.0, 4.0, 24.0, 4.0, 30.0]
[13.0, 4.0, 24.0, 4.0, 30.0]
[13.0, 4.0, 24.0, 4.0, 30.0]
[13.0, 4.0, 24.0, 4.0, 30.0]
[13.0, 4.0, 24.0, 4.0, 30.0]
[13.0, 4.0, 24.0, 4.0, 30.0]
[13.0, 4.0, 24.0, 4.0, 30.0]
[13.0, 4.0, 24.0, 4.0, 30.0]
[13.0, 4.0, 24.0, 4.0, 30.0]
[-48.643919332965105, 4.0, 108.44236852512635, -5.128904705419066, -90.95798734680262]
[56.38610992212697, 15.411130881773833, -44.46678529064299, 21.562912917001714, 157.80466587586693]
[13.0, 4.0, 24.0, 4.0, 30.0]
[13.0, 4.0, -80.98240411231926, -11.975583234483365, -92.5929421720938]
[13.0, 4.0, -37.6201067615787, -11.28068674064695, 30.0]
[-23.515618821676263, 12.434008211582649, -60.442368525126355, -11.975583234483365, -58.35954952677231]
[-21.25720521670791, -4.434008211582649, -56.27298956210785, 19.975583234483366, 118.35954952677231]
[13.0, 4.0, 104.27298956210785, -11.28068674064695, -58.35954952677231]
[13.0, 22.25780941083813, 24.0, -7.411130881773833, 125.2062280558366]
[67.77342823251439, 21.562912917001714, -35.732953974914956, 4.0, -70.41795175960972]
[-18.95116646896673, 4.0, 24.0, -14.257809410838131, -54.442368525126355]
[13.0, -13.562912917001714, 115.6841204438817, -5.128904705419066, 125.85349940690018]
[-32.64452352709533, 13.128904705419066, 76.88627544585066, -6.716234387937417, 116.72459470148112]
[41.60452122635432, -1.3702805970906686, -12.796497648517203, 4.0, 30.0]
[13.0, 17.724442197919576, -29.95205039591667, 4.0, 92.57932304979933]
[27.88007902843475, 4.0, -29.754065275185006, 4.0, -24.897768791678303]
[37.01777384635926, 9.37028059709067, -13.9402011650105, -2.862221098959788, -14.604437143238627]
[13.0, -5.945094663063861, 24.0, -0.22657708059737036, 30.0]
[-11.017773846359258, 4.0, 76.61036175869171, 10.862221098959788, 81.14228788486635]
[27.88007902843475, 13.149628131946384, -18.515015230983693, 4.0, 70.02962307726543]
[-0.7363755119414517, 4.0, 24.0, 4.0, -31.43561953330603]
[13.0, 4.0, -13.9402011650105, -1.3702805970906686, -16.89184417622522]
[29.023782544928046, -2.862221098959788, 51.64686951657082, 9.37028059709067, -18.85488085187975]
[-23.704476244569634, 4.0, 24.0, 4.0, 30.0]
[49.68055611424871, -16.6328128142649, 24.0, 12.472103758771526, -63.34373003361354]
[54.2656256285298, 35.39745133017697, -36.002761581191336, 4.0, 30.0]
[-28.28954575885073, 4.0, -33.71022682405079, 4.0, 112.5312512570596]
[72.60590368565416, 4.0, 24.0, 4.0, 130.87152931418393]
[56.55816038567034, 4.0, -36.002761581191336, 4.0, 142.33420309988668]
[54.28954575885073, 4.0, -36.002761581191336, 4.0, -82.33420309988668]
[13.0, -14.340278057124355, 24.0, 22.340278057124355, 112.5312512570596]
[13.0, -9.755208542843267, 101.9461817427785, 14.764638515912072, 160.67448115701103]
[-23.704476244569634, 14.764638515912072, 97.36111222849742, -6.764638515912072, 141.6840080907379]
[13.0, 4.0, 24.0, -6.764638515912072, 30.0]
[13.0, 4.0, 24.0, 4.0, 30.0]
[13.0, 4.0, 24.0, 4.0, 30.0]
[13.0, 4.0, 24.0, 4.0, 30.0]
[13.0, 4.0, 24.0, 4.0, 30.0]
[13.0, 4.0, 24.0, 4.0, 30.0]
[13.0, 4.0, 24.0, 4.0, 30.0]
[13.0, 4.0, 24.0, 4.0, 30.0]
[13.0, 4.0, 24.0, 4.0, 30.0]
[13.0, 4.0, 24.0, 4.0, 30.0]
[13.0, 4.0, 24.0, 4.0, 30.0]
[13.0, 4.0, 24.0, 4.0, 30.0]
[13.0, 4.0, 24.0, 4.0, 30.0]
[13.0, 4.0, 24.0, 4.0, 30.0]
[30.269763178706594, 4.0, -24.554640076340647, 10.907905271482637, 64.21299655474238]
[-15.79495138938658, 10.907905271482637, 24.0, 4.0, -36.44988782166135]
[29.118445633459487, 8.605270180988425, 24.0, 10.557349952393967, -35.62510007908506]
[31.4210807239537, 17.815810542965274, 24.0, 4.0, 80.33144218820186]
[36.02635090494213, 10.557349952393967, -25.50665444562557, -2.9079052714826377, 80.33144218820186]
[34.875033359695024, -0.25471486189975323, 57.388208812166084, 8.605270180988425, 30.0]
[39.49231629889236, 10.907905271482637, 64.29611408364872, -2.5573499523939667, -21.809289536119785]
[13.0, 4.0, 64.29611408364872, 10.557349952393967, -19.180124642954752]
[41.78293863117766, 4.0, 77.15991025732907, 9.756587726235532, -17.204019355131358]
[-14.643633844139472, 4.0, 77.15991025732907, -1.40603240714686, 74.57485446196632]
[40.64363384413947, 15.162620133382392, 79.2632421718611, 4.0, -17.204019355131358]
[-15.782938631177657, 4.0, 79.2632421718611, -1.40603240714686, -17.204019355131358]
[-7.735728572656836, 4.0, 24.0, -1.7565877262355318, 92.99593518592002]
[13.0, 8.605270180988425, 24.0, -3.7086674976410725, -5.364314099989471]
