1915-[5, 9, 19, 0, 1]-4270-1915
1915-[5, 9, 19, 0, 1]-4270-1915
1915-[5, 9, 19, 0, 1]-4270-1915
1915-[5, 9, 19, 0, 1]-4270-1915
1915-[5, 9, 19, 0, 1]-4270-1915
1915-[5, 9, 19, 0, 1]-4270-1915
1915-[5, 9, 19, 0, 1]-4270-1915
1915-[5, 9, 19, 0, 1]-4270-1915
1915-[5, 9, 19, 0, 1]-4270-1915
1915-[5, 9, 19, 0, 1]-4270-1915
1915-[5, 9, 19, 0, 1]-4270-1915
1915-[5, 9, 19, 0, 1]-4270-1915
1915-[5, 9, 19, 0, 1]-4270-1915
1915-[5, 9, 19, 0, 1]-4270-1915
1915-[5, 9, 19, 0, 1]-4270-1915
1915-[5, 9, 19, 0, 1]-4270-1915
1915-[5, 9, 19, 0, 1]-4270-1915
1915-[5, 9, 19, 0, 1]-4270-1915
1915-[5, 9, 19, 0, 1]-4270-1915
1915-[5, 9, 19, 0, 1]-4270-1915
1915-[5, 9, 19, 0, 1]-4270-1915
1915-[5, 9, 19, 0, 1]-4270-1915
1915-[5, 9, 19, 0, 1]-4270-1915
1915-[5, 9, 19, 0, 1]-4270-1915
1915-[5, 9, 19, 0, 1]-4270-1915
1915-[5, 9, 19, 0, 1]-4270-1915
1915-[5, 9, 19, 0, 1]-4270-1915
1915-[5, 9, 19, 0, 1]-4270-1915
1915-[5, 9, 19, 0, 1]-4270-1915
1915-[5, 9, 19, 0, 1]-4270-1915
1915-[5, 9, 19, 0, 1]-4270-1915
1915-[5, 9, 19, 0, 1]-4270-1915
1915-[5, 9, 19, 0, 1]-4270-1915
1915-[5, 9, 19, 0, 1]-4270-1915
1915-[5, 9, 19, 0, 1]-4270-1915
1915-[5, 9, 19, 0, 1]-4270-1915
1915-[5, 9, 19, 0, 1]-4270-1915
1915-[5, 9, 19, 0, 1]-4270-1915
1915-[5, 9, 19, 0, 1]-4270-1915
1915-[5, 9, 19, 0, 1]-4270-1915
1915-[5, 9, 19, 0, 1]-4270-1915
1915-[5, 9, 19, 0, 1]-4270-1915
1915-[5, 9, 19, 0, 1]-4270-1915
1915-[5, 9, 19, 0, 1]-4270-1915
1915-[5, 9, 19, 0, 1]-4270-1915
1915-[5, 9, 19, 0, 1]-4270-1915
1915-[5, 9, 19, 0, 1]-4270-1915
1915-[5, 9, 19, 0, 1]-4270-1915
1985-[7, 5, 12, 2, 24]-3540-1985
1985-[7, 5, 12, 2, 24]-3540-1985
1985-[7, 5, 12, 2, 24]-3540-1985
1985-[7, 5, 12, 2, 24]-3540-1985
1985-[7, 5, 12, 2, 24]-3540-1985
1985-[7, 5, 12, 2, 24]-3540-1985
1985-[7, 5, 12, 2, 24]-3540-1985
1985-[7, 5, 12, 2, 24]-3540-1985
1985-[7, 5, 12, 2, 24]-3540-1985
1985-[7, 5, 12, 2, 24]-3540-1985
1985-[7, 5, 12, 2, 24]-3540-1985
1985-[7, 5, 12, 2, 24]-3540-1985
1985-[7, 5, 12, 2, 24]-3540-1985
1985-[7, 5, 12, 2, 24]-3540-1985
1985-[7, 5, 12, 2, 24]-3540-1985
1985-[7, 5, 12, 2, 24]-3540-1985
1985-[7, 5, 12, 2, 24]-3540-1985
1985-[7, 5, 12, 2, 24]-3540-1985
1985-[7, 5, 12, 2, 24]-3540-1985
1985-[7, 5, 12, 2, 24]-3540-1985
1985-[7, 5, 12, 2, 24]-3540-1985
1985-[7, 5, 12, 2, 24]-3540-1985
1985-[7, 5, 12, 2, 24]-3540-1985
1985-[7, 5, 12, 2, 24]-3540-1985
1985-[7, 5, 12, 2, 24]-3540-1985
1985-[7, 5, 12, 2, 24]-3540-1985
1985-[7, 5, 12, 2, 24]-3540-1985
1985-[7, 5, 12, 2, 24]-3540-1985
1985-[7, 5, 12, 2, 24]-3540-1985
1985-[7, 5, 12, 2, 24]-3540-1985
1985-[7, 5, 12, 2, 24]-3540-1985
1985-[7, 5, 12, 2, 24]-3540-1985
1985-[7, 5, 12, 2, 24]-3540-1985
1985-[7, 5, 12, 2, 24]-3540-1985
1985-[7, 5, 12, 2, 24]-3540-1985
1985-[7, 5, 12, 2, 24]-3540-1985
1985-[7, 5, 12, 2, 24]-3540-1985
1985-[7, 5, 12, 2, 24]-3540-1985
1985-[7, 5, 12, 2, 24]-3540-1985
1985-[7, 5, 12, 2, 24]-3540-1985
1985-[7, 5, 12, 2, 24]-3540-1985
1985-[7, 5, 12, 2, 24]-3540-1985
1985-[7, 5, 12, 2, 24]-3540-1985
1985-[7, 5, 12, 2, 24]-3540-1985
1985-[7, 5, 12, 2, 24]-3540-1985
1985-[7, 5, 12, 2, 24]-3540-1985
1985-[7, 5, 12, 2, 24]-3540-1985
1985-[7, 5, 12, 2, 24]-3540-1985
1985-[7, 5, 12, 2, 24]-3540-1985
1985-[7, 5, 12, 2, 24]-3540-1985
2005-[7, 5, 11, 2, 27]-3530-2005
2005-[7, 5, 11, 2, 27]-3530-2005
