2305-[5, 6, 24, 0, 24]-3800-2305
2305-[5, 6, 24, 0, 24]-3800-2305
2305-[5, 6, 24, 0, 24]-3800-2305
2305-[5, 6, 24, 0, 24]-3800-2305
2305-[5, 6, 24, 0, 24]-3800-2305
2305-[5, 6, 24, 0, 24]-3800-2305
2305-[5, 6, 24, 0, 24]-3800-2305
2305-[5, 6, 24, 0, 24]-3800-2305
2305-[5, 6, 24, 0, 24]-3800-2305
2305-[5, 6, 24, 0, 24]-3800-2305
2305-[5, 6, 24, 0, 24]-3800-2305
2305-[5, 6, 24, 0, 24]-3800-2305
2305-[5, 6, 24, 0, 24]-3800-2305
2305-[5, 6, 24, 0, 24]-3800-2305
2305-[5, 6, 24, 0, 24]-3800-2305
2305-[5, 6, 24, 0, 24]-3800-2305
2305-[5, 6, 24, 0, 24]-3800-2305
2305-[5, 6, 24, 0, 24]-3800-2305
2305-[5, 6, 24, 0, 24]-3800-2305
2305-[5, 6, 24, 0, 24]-3800-2305
2305-[5, 6, 24, 0, 24]-3800-2305
2305-[5, 6, 24, 0, 24]-3800-2305
2305-[5, 6, 24, 0, 24]-3800-2305
2305-[5, 6, 24, 0, 24]-3800-2305
2305-[5, 6, 24, 0, 24]-3800-2305
2305-[5, 6, 24, 0, 24]-3800-2305
2305-[5, 6, 24, 0, 24]-3800-2305
2305-[5, 6, 24, 0, 24]-3800-2305
2305-[5, 6, 24, 0, 24]-3800-2305
2305-[5, 6, 24, 0, 24]-3800-2305
2305-[5, 6, 24, 0, 24]-3800-2305
2305-[5, 6, 24, 0, 24]-3800-2305
2455-[9, 5, 23, 0, 25]-4110-2455
2455-[9, 5, 23, 0, 25]-4110-2455
2455-[9, 5, 23, 0, 25]-4110-2455
2455-[9, 5, 23, 0, 25]-4110-2455
2455-[9, 5, 23, 0, 25]-4110-2455
2455-[9, 5, 23, 0, 25]-4110-2455
2455-[9, 5, 23, 0, 25]-4110-2455
2455-[9, 5, 23, 0, 25]-4110-2455
2455-[9, 5, 23, 0, 25]-4110-2455
2455-[9, 5, 23, 0, 25]-4110-2455
2455-[9, 5, 23, 0, 25]-4110-2455
2455-[9, 5, 23, 0, 25]-4110-2455
2455-[9, 5, 23, 0, 25]-4110-2455
2455-[9, 5, 23, 0, 25]-4110-2455
2455-[9, 5, 23, 0, 25]-4110-2455
2455-[9, 5, 23, 0, 25]-4110-2455
2510-[6, 8, 22, 0, 26]-4500-2510
2510-[6, 8, 22, 0, 26]-4500-2510
2510-[6, 8, 22, 0, 26]-4500-2510
2510-[6, 8, 22, 0, 26]-4500-2510
2510-[6, 8, 22, 0, 26]-4500-2510
2510-[6, 8, 22, 0, 26]-4500-2510
2510-[6, 8, 22, 0, 26]-4500-2510
2510-[6, 8, 22, 0, 26]-4500-2510
2510-[6, 8, 22, 0, 26]-4500-2510
2510-[6, 8, 22, 0, 26]-4500-2510
2510-[6, 8, 22, 0, 26]-4500-2510
2510-[6, 8, 22, 0, 26]-4500-2510
2510-[6, 8, 22, 0, 26]-4500-2510
2510-[6, 8, 22, 0, 26]-4500-2510
2510-[6, 8, 22, 0, 26]-4500-2510
2510-[6, 8, 22, 0, 26]-4500-2510
2510-[6, 8, 22, 0, 26]-4500-2510
2510-[6, 8, 22, 0, 26]-4500-2510
2510-[6, 8, 22, 0, 26]-4500-2510
2510-[6, 8, 22, 0, 26]-4500-2510
2510-[6, 8, 22, 0, 26]-4500-2510
2510-[6, 8, 22, 0, 26]-4500-2510
2510-[6, 8, 22, 0, 26]-4500-2510
2510-[6, 8, 22, 0, 26]-4500-2510
2510-[6, 8, 22, 0, 26]-4500-2510
2510-[6, 8, 22, 0, 26]-4500-2510
2510-[6, 8, 22, 0, 26]-4500-2510
2510-[6, 8, 22, 0, 26]-4500-2510
2510-[6, 8, 22, 0, 26]-4500-2510
2510-[6, 8, 22, 0, 26]-4500-2510
2650-[6, 8, 23, 1, 28]-4660-2650
2650-[6, 8, 23, 1, 28]-4660-2650
2650-[6, 8, 23, 1, 28]-4660-2650
2650-[6, 8, 23, 1, 28]-4660-2650
2650-[6, 8, 23, 1, 28]-4660-2650
2650-[6, 8, 23, 1, 28]-4660-2650
2650-[6, 8, 23, 1, 28]-4660-2650
2650-[6, 8, 23, 1, 28]-4660-2650
2650-[6, 8, 23, 1, 28]-4660-2650
2650-[6, 8, 23, 1, 28]-4660-2650
2650-[6, 8, 23, 1, 28]-4660-2650
2650-[6, 8, 23, 1, 28]-4660-2650
2650-[6, 8, 23, 1, 28]-4660-2650
2650-[6, 8, 23, 1, 28]-4660-2650
2650-[6, 8, 23, 1, 28]-4660-2650
2650-[6, 8, 23, 1, 28]-4660-2650
2650-[6, 8, 23, 1, 28]-4660-2650
2650-[6, 8, 23, 1, 28]-4660-2650
2820-[6, 9, 24, 2, 27]-5090-2820
2820-[6, 9, 24, 2, 27]-5090-2820
2820-[6, 9, 24, 2, 27]-5090-2820
2820-[6, 9, 24, 2, 27]-5090-2820
