[2.3774643594212117, 7.162656051893103, 8.657355807964299, 3.0, 32.004178393846985]
[5.851284258320334, 7.0, 7.526395325705104, 4.013411297105771, 10.539344220817092]
[2.9057599919091963, 12.891277953836362, 5.651119930567402, 3.0, 19.274856488849117]
[4.0, 7.4310421659507835, 7.010159974166202, 3.4700086937524333, 26.7080135709294]
[4.0, 7.0, 9.0, 3.0, 29.0]
[4.241627332251514, 6.615250736162594, 21.027996975424887, 2.7589018040367366, 71.1848945869384]
[8.780427991387505, 5.365121962215523, 20.31748314329402, 4.919443023353278, 64.59063531945381]
[5.939620480815027, 5.2898756687496, 11.25985959787308, 8.254569524106318, 12.682417356520038]
[7.114038020207959, 7.081120700027511, 14.221196975773132, 7.175225037449935, 59.158397742992726]
[7.488770197002507, 6.327451625074728, 20.59386221711693, 2.584661380769346, 47.45704872060284]
[7.921717376920361, 5.118512466694087, 36.66892696708157, 6.5832068576419225, 114.69714677753247]
[10.783431692559116, 4.6286097659939704, 45.9402933319315, 5.194173544042426, 70.57027388775563]
[14.672180085562823, -0.17387171012186187, 35.85845253286741, 10.22846322190654, 69.03345925679153]
[16.73442207827508, 1.6556810816087602, 30.51567397491274, 8.72206605568449, 89.08992281425758]
[14.023899872702453, 5.494706462567255, 41.169351090841694, 6.124003426346563, 102.60388814426938]
[22.05226798094141, 2.9003429855400658, 45.009476844849644, 11.309554684590355, 157.62912208291127]
[10.540031239856809, 4.865748789394573, 57.661650996589294, 5.099213015184235, 115.34653493147623]
[21.644710522591794, -4.94313335797813, 38.21080984819135, 12.980754069209834, 106.16588737094013]
[22.896926866792327, -0.19673695581995432, 37.96606985572602, 11.906998602200124, 107.81913128039737]
[16.649773771154997, 5.64523581631053, 60.737474348023696, 11.833453463304487, 145.37463604762047]
[28.194256909757755, 3.29708338558158, 44.84221987800031, 13.088282739910284, 187.42202747873506]
[10.139439003564629, 5.079173910455116, 79.72001368791325, 5.521045951553605, 118.38347310367428]
[26.317633581438407, -12.25085180268784, 55.2555334095944, 12.725346447457568, 133.5752717959581]
[26.12340210740301, -3.2611546284784687, 43.29720440073081, 12.488891279141935, 107.91522673946702]
[18.931283728953574, 5.780712234679476, 81.13556219078191, 14.124363841408528, 185.09563117983538]
[34.33529953711469, 2.455305501039499, 44.61704352595504, 12.699051235493636, 173.11588812421485]
[13.859440143102436, 5.271256519409604, 81.62518901521227, 5.478086175835157, 111.15228039757706]
[30.101367892537816, -15.537680844631158, 68.75079067317546, 13.125805967029365, 148.9656367880787]
[28.999544464130153, -2.0205417353555006, 59.422907684717956, 12.379035701128197, 126.67261766092176]
[23.15356560397672, 5.902641011211529, 85.47440773135365, 15.302599770662612, 185.92030388506052]
[39.92744610787807, 2.778070859973619, 40.96447722647702, 12.806565824562787, 161.3340512577722]
[13.698440143658132, 5.444130867468644, 97.07397333634115, 7.204877537398653, 120.11622798004981]
[37.40309073003141, -11.846934707043992, 81.86069040035964, 14.373649875562778, 140.8181172746902]
[32.25427703170827, -3.2787121495549876, 58.88774772748515, 12.487757118761746, 121.53143611489983]
[26.437247891988406, 6.012376910090376, 98.35579420195461, 17.717625604463805, 201.1531506166631]
[38.874499661486034, 3.089541398683899, 40.094856346496805, 14.355930888503794, 181.47298079934612]
[14.959666481335958, 5.59971778072178, 100.08554770927279, 5.911030206645652, 115.24783609659455]
[39.02779517158565, -10.580737885335619, 107.80034108199541, 15.282498562648454, 169.65774486669312]
[30.345052026746306, -4.161382025070038, 55.11613526586778, 11.886522332059744, 125.08197942635474]
[27.54158972805837, 6.1111392190813385, 90.19096731935, 16.72754454847605, 203.1973902907668]
[39.273592140038346, 3.4777278639384273, 40.70144265726964, 13.814017085415783, 200.18061539575368]
[18.43899334907287, 5.739746002649602, 105.15006968179794, 4.260558684829468, 109.20114696025567]
[38.22129968610216, -12.157124098701274, 118.75663451653594, 17.757567122252738, 163.14230244277678]
[30.63915462902439, -3.2408026711675753, 69.5325243290175, 11.933816176645271, 121.11470119209439]
[31.206820670804817, 6.200025297173204, 91.09669023249322, 16.707072906164115, 209.62461150745025]
[38.47295591423902, 1.9763603205853046, 39.896441325747226, 13.318598057133656, 202.77080609028488]
[21.33545200434133, 5.865771402384642, 114.76837107358521, 3.2593856688105673, 126.22721880100612]
[40.365702294634204, -17.956807641758903, 116.94070662577035, 16.837278545659657, 157.77916525196707]
[28.768058795176586, -1.3101691055834088, 71.31346999584703, 11.614017500530235, 147.49886372569003]
[32.80622774617018, 6.280022767455884, 96.09246119022403, 16.688656340406858, 216.07950909329546]
[39.17652382274027, 1.421868710061359, 40.6932784291915, 13.417381049248682, 202.30061259512354]
[22.54235633242361, 5.979194262146177, 115.50389789777654, 3.4908107157668957, 138.44077862625943]
[37.49896846399485, -18.73180429431418, 115.08004376042193, 18.13783235361926, 171.45576984757844]
[27.73429359284882, 0.42084780497493224, 73.42254692178565, 11.847588077894502, 139.89612572751068]
[33.526857492000474, 6.352020490710295, 105.03062725007749, 17.233814541160108, 209.53203565270448]
[39.08533682510099, 1.1332762294809555, 48.951940649236995, 14.237605711685019, 192.51297329384252]
[23.76588872210163, 6.081274835931559, 113.82876960142232, 1.847160339131314, 135.62120631732427]
[40.77073020967906, -16.51136685592654, 108.15737346213528, 18.126403709635504, 168.47744028174455]
[26.60468407477985, 1.078763024477439, 78.07818764184748, 11.679663378924458, 167.96974223873653]
[31.666810591481084, 6.416818441639266, 109.80846842478425, 17.740166866244714, 237.1251333001862]
[39.162064015862484, 0.588090153162109, 57.321167525605674, 16.241508541215754, 176.79655152468257]
[23.46053395986851, 6.173147352338403, 111.18806849841494, 2.639284505658141, 161.39257980479513]
[40.01822677380416, -17.81312391953489, 103.62051425343276, 19.839454751415083, 178.04183137106264]
[26.491795792034424, 1.670886722029695, 79.92423689897042, 11.892189792346684, 174.47322093330416]
[30.920278549431846, 6.475136597475339, 106.80592220763026, 18.03760861206137, 225.29370544214916]
[42.41552330407585, 0.21252686674761634, 64.87133923831831, 17.154357510079326, 175.2018320030482]
[21.48318947686328, 6.255832617104563, 124.59962705350814, 3.6138946138232546, 158.74428330230504]
[37.05319561031873, -17.278356399914326, 111.02384778378257, 19.055509276273575, 172.8781724891627]
[27.215889790922702, 2.203798049826726, 75.32216441974333, 11.258155875374527, 164.84322487305548]
[29.807919088522574, 6.927766503663757, 109.41385605187611, 17.842676324499347, 230.74196779705196]
[40.32158828267696, 0.25876262523933313, 67.12798376315087, 17.838160966526814, 189.98735314161877]
[21.679602597372597, 6.330249355394106, 136.958213908861, 5.696010849395249, 152.49317814909233]
[40.65907788777557, -18.612419342483815, 117.05150400069533, 17.44995834864622, 168.92277479902256]
[28.544157170507717, 2.683418244844053, 80.24387237835873, 11.234797592525439, 182.33042424480078]
[33.86987219569356, 5.72890415763273, 106.74626824170291, 17.93930772157362, 226.58406890615262]
[41.48449738966713, 0.8822913926101501, 64.6556132077553, 17.359876844287882, 201.6487937719882]
[19.851218222721485, 6.397224419854696, 137.10425638483002, 4.649193590004191, 169.75257876139648]
[39.92542361783699, -17.426230659343172, 115.56321960103331, 16.879922855213756, 164.1915592457615]
[29.13743111918279, 3.1150764203596477, 82.99285548634032, 11.269096058988225, 193.08766760836528]
[34.38221240259712, 4.956013741869457, 104.24027531756663, 19.304776416690643, 237.19723177673646]
[41.8473495474006, 0.6936659055436962, 63.70129116832313, 18.556084260505624, 197.92225799230857]
[19.867565675390782, 6.457501977869226, 131.44281707279117, 7.231751295670538, 174.47639109456833]
[41.60398239249198, -19.37768948615159, 121.77453835702362, 18.185983008886218, 168.88941552507373]
[28.35615072016433, 3.503568778323683, 82.46205166492517, 11.030521717903765, 201.23480607743002]
[33.10599021918396, 5.160412367682511, 103.83788727459105, 18.57429877502158, 227.97185427727916]
[39.09019757561616, 1.324299314989326, 58.87951219254199, 17.90047583445506, 189.40814789691743]
[18.137708417539667, 5.580670761111351, 122.91596966074954, 8.287787138053812, 157.45397305950846]
[40.7983135936882, -19.304649328896677, 113.35318350426336, 18.75043554632894, 189.35336184571895]
[27.289092355724698, 3.8532119004913143, 83.71275707801686, 11.18780879882874, 185.37557375311403]
[32.05808151156913, 5.34437113091426, 96.31058839115045, 17.016868897519423, 216.89509418399604]
[37.001942983516805, 1.891869383490393, 56.31157686847577, 17.419807802448407, 189.2844295463882]
[19.027184841701775, 4.822603685000216, 120.41888986433472, 9.388450959013754, 179.59461940021532]
[38.51697797784879, -16.98866252663195, 125.47236255226215, 18.075391991696048, 190.38592476447903]
[27.415358686080154, 4.167890710442183, 84.39591538315437, 11.866397366989037, 200.28627306279452]
[28.884937090249156, 5.509934017822834, 101.84651967930816, 17.611859616705775, 228.99997171115808]
[34.51782279747422, 2.4026824451413535, 52.4029126471897, 16.630473976045973, 173.9335583912273]
[20.02999329874212, 5.040343316500194, 121.4689477801584, 7.800895060511306, 175.0892192227521]
[39.913257879140566, -10.65667496203601, 130.42395745705863, 16.168871880057218, 179.69790538182923]
[27.97815839412008, 4.451101639397964, 84.9111963604048, 11.453110033619613, 188.45429139522795]
[29.57069725139569, 5.65894061604055, 102.62790018291075, 17.937866792204552, 239.87740995663185]
[32.41549982676719, 2.862414200627218, 62.15675119643639, 16.056814220348887, 185.04569838889066]
[20.811075067246243, 5.236308984850175, 119.49531270504305, 7.381805389668647, 178.4899631857977]
[39.434832736213195, -11.205937876137977, 128.04069470104923, 16.16725046849924, 162.96396168192626]
[27.60699729966316, 4.705991475458168, 82.72174704758281, 12.29130761397646, 177.21781011041412]
[30.261130522983144, 5.793046554436495, 101.59200337690417, 18.63715457697429, 236.42280895723988]
[32.43399875890775, 3.2761727805644965, 63.81013478674039, 17.44197656404597, 172.3076315835809]
[22.046983764492005, 5.412678086365157, 117.71094071380921, 8.783457376130471, 173.52460335214766]
[37.66457963021728, -12.912168882658118, 121.62176472696964, 17.091214393160094, 167.11282552418805]
[26.91917326347565, 4.935392327912352, 87.55528328111824, 11.900243867317743, 184.3526024219055]
[30.97729197067935, 5.913741898992845, 97.05343131855588, 17.97343911927686, 246.6377778318701]
[33.75495210123117, 3.6485555025080467, 63.80346286300473, 17.380669141216423, 183.35442750040204]
[19.098439487738492, 5.571410277728641, 120.94511587098167, 8.284082363200302, 159.21143454731072]
[41.722822113073576, -16.811441455756196, 124.94587909265172, 18.589162913048426, 168.80112617983815]
[28.301762750556904, 5.141853095121116, 82.23354467061745, 12.554009508044446, 195.9371561934388]
[31.837921936709826, 6.022367709093561, 108.2046508655776, 16.738471785664974, 239.51508169821892]
[31.852964995694506, 3.983699952257242, 69.55907933577848, 16.74682874643235, 171.2749299011911]
[17.66244168745957, 5.714269249955777, 122.48631418322276, 8.219525309198932, 158.32300815126453]
[44.811869761213636, -14.939792952798609, 131.56476023152652, 17.930246621743585, 169.65982331462178]
[29.273975702458586, 5.3276677856090044, 81.16723147524553, 13.255563682157366, 199.10469281516134]
[31.743875421863308, 6.120130938184205, 113.44877507882694, 18.065463468629513, 232.3292331297302]
[31.423302205347802, 4.285329957031518, 71.49505746415002, 17.377173426209453, 172.08123376268182]
[15.286806735041424, 5.842842324960199, 118.3519252520536, 10.288189647998296, 165.84523457266897]
[43.87241686294103, -14.354763114239173, 122.21222721854204, 17.255413357806063, 173.04256371131754]
[27.746851385812313, 5.494901007048104, 78.64033991633136, 12.256041721375691, 184.9326147452184]
[29.663851028824222, 6.208117844365784, 115.57944494090773, 19.37695643733042, 228.23534319201698]
[30.796138639189603, 4.5567969613283665, 67.87525291067739, 18.38719321502052, 171.1183141068655]
[18.296966877460903, 5.9585580924641794, 127.65439576715804, 11.461530944864762, 180.82898324112628]
[43.118333738546355, -12.762221436635404, 112.06314030824146, 17.89299056321004, 183.91926856098124]
[27.545135575412026, 5.645410906343294, 73.77543333383667, 11.326647590219435, 179.52316744897433]
[30.20924830684822, 6.287306059929206, 114.08615380713289, 18.63926079359738, 227.22173080043072]
[29.15075487006486, 4.801117265195529, 67.2356086819218, 19.43425129962803, 172.66089590934524]
[22.23484817086813, 6.062702283217762, 121.21258307612132, 9.247577408770388, 174.05304898622884]
[42.563886547867234, -12.284042350867693, 109.58939647768615, 18.28939375463626, 172.81842795470936]
[27.80177860661769, 5.780869815708964, 78.97949626158669, 12.08942429154076, 189.83573640731734]
[31.33693759311533, 6.358575453936285, 116.09280905268798, 17.07533471423764, 232.96380596889298]
[30.261840888412504, 5.021005538675976, 60.79190582067443, 18.69082616966523, 197.36535225447818]
[23.748040405961607, 6.156432054895985, 120.50681824869439, 10.881696440530146, 159.11426011608927]
[45.169415097324446, -12.493093393230811, 123.9418797791738, 18.918213642372656, 173.13114118864183]
[26.059693803504533, 5.902782834138067, 79.98564950851024, 11.612984906489007, 177.0592883503509]
[31.986248982742037, 6.422717908542657, 112.4302249924921, 17.119446624018288, 233.02212570407363]
[32.700538425392324, 5.218904984808379, 66.71982179185163, 17.121743552698703, 189.4835176501436]
[23.745166891707445, 6.240788849406387, 123.78363109541482, 9.822764213297987, 142.54494804667257]
[44.59268462788317, -16.172557726970695, 123.82644050741912, 18.226392278135393, 193.76861707176963]
[27.02931027760066, 6.012504550724261, 79.9667153348907, 12.628549846383757, 160.5573843713775]
[34.42748144983175, 6.480446117688391, 114.5862214977868, 17.35622669616314, 239.94425245315034]
[32.15277848231193, 5.397014486327541, 72.29655905211465, 16.589954977852333, 192.99536720295836]
[22.887454351596205, 6.316709964465748, 130.00326176467445, 7.814345556507228, 135.65977398106327]
[42.45948073423248, -12.125263936096289, 128.34654607006217, 16.98950490109606, 199.24349310313437]
[26.034443367935722, 6.111254095651835, 83.14395867280548, 13.076746198010014, 152.32720734715267]
[33.559229550105755, 5.219979063099625, 108.87520529045956, 16.9015948554502, 250.30784102148078]
[30.87035721021118, 5.557313037694787, 79.00696385503977, 16.674925879789228, 181.09450688973655]
[20.983809324407076, 6.385038968019173, 124.99292066671322, 8.773878353254947, 162.8204566227997]
[39.66837101511943, -9.366265733112405, 131.44158880904845, 17.940037254206654, 188.86064632161907]
[25.626444413802012, 6.200128686086652, 85.34084001533748, 12.198990221616004, 167.69274192380865]
[32.27126896557408, 4.4979811567896615, 103.55793466274494, 17.19024166398468, 242.1200626301109]
[32.41470297536192, 5.701581733925308, 74.61076516156879, 16.558181506158682, 169.6067737232991]
[20.14341871103736, 6.446535071217256, 130.26384141340426, 7.251400088120766, 173.72222394547296]
[43.29430758108184, -15.210317768696811, 136.25041610767806, 18.64696860531886, 179.97629216190916]
[24.43591622874723, 6.280115817477986, 79.69259109173107, 13.036024577145051, 171.58426876250834]
[31.859221826988026, 4.748183041110696, 110.37473458768254, 17.63822152651563, 238.88788271056168]
[33.09283174644028, 5.8314235605327776, 73.47586187168099, 17.32850799284391, 162.4320318529461]
[21.02143856439561, 6.702745469702467, 133.33781319190842, 6.928428941359358, 183.12016734955085]
[40.512768426972755, -17.854351183901887, 128.95955564363607, 17.982271744786978, 168.18688624689582]
[23.2574844533257, 6.352104235730188, 82.4712345952159, 12.189556280147338, 165.6165534797219]
[32.565783546674794, 4.973364736999626, 108.74182695390735, 18.525731330484913, 223.69313332938768]
[31.325973493889368, 5.9482812044795, 68.95563997692327, 18.104262106079222, 192.22936937427502]
[21.602298704769925, 5.369866147607614, 124.9335810889668, 6.713149218644351, 171.34989588117566]
[38.192010317874434, -19.97427619007625, 131.2317091592372, 17.507140596712503, 184.84258256677978]
[23.262517725036037, 6.416893812157169, 80.6259391055766, 12.967455377991723, 152.17330933661225]
[34.428104464912224, 5.1760282632996635, 115.63387957530011, 17.87315819743642, 233.27518718548626]
[31.124700912572386, 6.05345308403155, 65.26250590897212, 20.099989370442046, 209.87889889101575]
[20.22385084985665, 4.632879532846853, 116.11486794966571, 8.853221915524376, 178.96182192214386]
[36.74199536467074, -19.161073224061507, 133.8206887210264, 19.39343360406108, 186.85318030181332]
[22.64988226790625, 6.475204430941452, 84.06047385616438, 12.727116984849218, 153.58659745316027]
[34.880945209659465, 5.358425436969697, 118.36462845972459, 18.02261090703437, 231.3562772068638]
[30.006058117903883, 6.148107775628395, 68.47728758458753, 19.289990433397843, 204.10311790918908]
[19.95792527600714, 4.869591579562167, 121.27423113252918, 8.625531460818106, 190.5796251294809]
[36.87560935807057, -14.912663152246765, 133.23157250982302, 18.65409024365497, 195.7894385754924]
[23.37417016540617, 6.215158545701099, 79.76670889273345, 13.300079041034152, 171.89831260962308]
[33.526638900683935, 5.522582893272728, 108.52167955689504, 19.34956503408646, 214.30794035157976]
[30.27906089267107, 6.233296998065555, 65.82454251609241, 17.660991390058058, 212.87016642030335]
[19.500388467352145, 5.08263242160595, 121.20201751043065, 8.745991035499543, 193.04758676051043]
[38.32216836262156, -15.83110928170095, 124.5017482473962, 17.088681219289477, 180.5680762134423]
[21.735509957522194, 5.39364269113099, 80.11353480847833, 13.1719355245381, 190.711090938247]
[31.128989801758294, 5.6703246039454545, 102.16059589156667, 18.614608530677813, 216.49523135826846]
[28.562159643801238, 6.309967298259, 66.23449618693019, 17.123997399189868, 201.3512382875753]
[18.67019891892143, 5.2743691794453555, 117.19573894593141, 6.804108024986421, 175.36507534677915]
[40.07773652963455, -14.957156298965437, 124.5951869698431, 15.83069052890364, 174.1585865090988]
[22.412189772301307, 5.554278422017891, 73.82983797758591, 13.687418894057878, 208.41439802225943]
[31.520564354441763, 5.803292143550909, 106.37304789401617, 17.053147677610035, 224.73310732257895]
[29.571009845329904, 6.3789705684330995, 65.728421602595, 17.691444819772222, 208.62405804460198]
[17.962478144718027, 5.4469322615008195, 121.93129784646025, 8.847593749245597, 191.91670556895943]
[41.475237480814656, -13.970034386533385, 125.57793971245809, 15.40367246494398, 169.8206841342664]
[22.32421898661429, 5.698850579816101, 68.8713715852837, 13.337630350058213, 209.09155566553005]
[32.84541240389659, 5.922962929195818, 104.14356779110689, 16.79289130547645, 210.37391358615037]
[29.684776711698408, 6.4410735115897895, 63.423164182957684, 17.96652875567438, 214.37537848934892]
[20.82232715533361, 5.602239035350738, 126.22830976502634, 7.365726191520226, 190.50260493855416]
[42.81267647932282, -13.269025563170413, 133.25116693870433, 14.344484260560183, 181.4384156004671]
[24.098245483004558, 5.828965521834491, 70.8672132068164, 13.097703096241933, 211.01793739817305]
[33.99350202762854, 6.030666636276236, 96.12832661571358, 16.603671759803145, 219.89309494512634]
[29.9774977269372, 4.069612794318347, 70.66904850286343, 18.9738796161678, 203.3702120892045]
[20.91949418312682, 5.7420151318156645, 126.02197646186256, 7.219606984188234, 166.6319331655968]
[42.437265001299814, -14.377436094526438, 137.17487938214208, 16.357465643095203, 169.6113295302491]
[25.206200190960416, 5.9460689696510425, 77.34865139549512, 13.525924909971113, 201.49701925354952]
[31.778742802943498, 6.127599972648612, 97.37163804372878, 17.285476470350822, 238.16249511982676]
[28.528422693138797, 3.4626515148865122, 71.24357315263708, 18.27649165455102, 187.46180644216477]
[22.916828080761633, 5.867813618634098, 121.67586680509521, 8.765163627456971, 165.4950969388713]
[43.58387269635726, -13.328069126381035, 136.41146223110306, 18.20773864209314, 175.95347839613544]
[24.962129905884353, 6.051462072685938, 83.25696019920775, 13.121251225306526, 203.62842644329268]
[31.689087027492494, 6.214839975383751, 97.47535733334462, 18.279679092473934, 240.21968873232024]
[29.240134030716234, 3.8163863633978607, 67.51252266858683, 18.532375866598766, 179.73612616182098]
[22.560613414597032, 5.981032256770688, 113.63789576200794, 9.583696601316213, 158.12594108618137]
[42.39199747193809, -13.557993992618847, 131.7805502885293, 19.839757868316017, 166.23166136577032]
[23.97321853042057, 6.146315865417344, 85.89742801450907, 13.194821775685769, 209.0647222172064]
[34.073191827459226, 6.293355977845376, 102.62084400379352, 19.053253869563722, 248.57142842144347]
[26.838669262668624, 4.134747727058075, 73.94220234882492, 17.87913827993889, 188.5610156959433]
[21.086623468412824, 6.082929031093619, 116.63567260051657, 8.530591400345337, 175.88133920303986]
[39.904408308241266, -13.934003171614286, 136.3901383506333, 19.055782081484416, 190.06426855147086]
[23.951780227807614, 6.231684278875609, 80.94838922884809, 12.877524357455016, 213.07524263158092]
[34.147077856022094, 6.364020380060839, 103.06628538422365, 18.34792848260735, 248.48027144641787]
[25.84774422587804, 4.421272954352267, 75.3256075434027, 16.517197727542296, 191.7809869059461]
[20.37189769379024, 6.174636127984257, 108.89467280042096, 7.489179267559052, 179.47284786209278]
[42.02603136805023, -12.082598149821518, 133.4917341326531, 17.450203873335973, 201.59995257443714]
[25.21670212744979, 6.308515850988049, 79.82515508648511, 13.618068476811942, 207.75164024845233]
[32.290303072440224, 6.427618342054755, 100.25680044630626, 18.126893163228175, 241.14251922467415]
[24.25102143070958, 4.67914565891704, 73.1924326703147, 18.29445907987145, 194.26614786943412]
[21.28356883185995, 6.2571725151858315, 121.42919514014989, 7.640051964890091, 193.40653958591926]
[42.100024288716895, -12.482722202136287, 131.41011244580613, 17.58553586484135, 194.28008896776154]
[23.4961722907379, 6.377664265889244, 78.18360631557819, 13.617215114954924, 206.27657073886203]
[32.56591655276293, 6.48485650784928, 98.56572996704547, 19.266747455377025, 239.74604231961456]
[24.697099339847732, 4.911231093025336, 68.54182394482444, 18.11125174967172, 209.18700420626902]
[20.98274316021139, 6.331455263667248, 130.33259604167546, 9.413942439765439, 191.96462332388418]
[39.77211060032447, -11.207887200419982, 136.41660196198202, 18.509131868712505, 198.48370223633697]
[24.284926643731218, 6.439897839300319, 80.91544809630005, 13.543517529600049, 209.26211340097095]
[32.430023502225694, 7.202380459733101, 109.23826831741505, 18.540072709839322, 248.59679392173896]
[23.265768761387996, 5.120107983722803, 70.43497929238201, 18.272008606733497, 216.23546442315714]
[19.35892585686002, 6.398309737300523, 135.46135094652857, 8.658066586749978, 196.20481050597385]
[41.02434134510498, -14.152436045842336, 134.85720825434768, 17.858218681841254, 209.9662780734704]
[23.751769607893827, 5.415745884424161, 82.7603087501451, 13.001255135545552, 208.9096388829214]
[36.38617937013292, 4.175129664346325, 112.4906138533226, 16.98606543885539, 247.97799225943695]
[23.542692603242497, 5.3080971853505226, 67.50936739602689, 19.424852580381824, 202.39591364190736]
[19.44793511925903, 6.458478763570471, 132.49070127098213, 8.299734715011379, 205.90775412036757]
[41.74646158439249, -11.491861045884718, 136.89341147474974, 16.66856087032665, 205.6517533919546]
[22.222224125860578, 4.674171295981745, 80.7727829913116, 13.301672003880753, 196.41236066614277]
[35.755920891452554, 3.5576166979116923, 109.14948266759262, 18.12601823283772, 244.44989549129627]
[22.879621290446398, 5.47728746681547, 71.26241966978367, 18.682367322343644, 184.79198116980032]
[20.62864985426171, 5.417516611394514, 126.09776039649549, 7.804214171697346, 188.2736212895893]
[42.35818453600362, -11.563199765485809, 132.0416211855507, 16.853019753912807, 205.82464977922018]
[20.274053859856867, 4.90675416638357, 87.07685270284163, 13.157573061420708, 205.79396319812804]
[33.338794789494685, 3.901855028120523, 107.24652949527717, 18.715451167823076, 232.07471405385297]
[21.705304383345776, 5.629558720133923, 72.74880612611925, 17.114130590109276, 201.43642556907585]
[18.04227421525283, 4.675764950255062, 123.7512246887008, 9.191154759464247, 181.40376930193023]
[41.973576756756245, -12.035525282757792, 135.25604432765735, 17.555008510451824, 208.00158910493965]
[18.51208853280725, 5.116078749745213, 83.02672177326744, 13.110931262222639, 202.56064681294401]
[33.11360278267618, 4.211669525308471, 108.07633551158958, 18.04390605104077, 231.07266877268208]
[22.47325047124361, 5.766602848120531, 70.85767984642212, 16.79823360415686, 209.01933759330734]
[20.299054891555446, 4.908188455229556, 123.84475425819824, 10.962449004254957, 162.30589822688947]
[39.69491117994785, -13.67688061387689, 133.6882740779361, 18.156943613048462, 202.26808073551354]
[18.012506828754947, 5.304470874770692, 77.37899624337145, 12.199072241707789, 188.6543324274583]
[32.78106992727102, 4.490502572777624, 108.03351231306124, 16.273005025347707, 228.23336958074393]
[20.916237987570426, 5.889942563308478, 77.5549722937026, 16.792499453484485, 197.59587007055163]
[23.01541982064859, 5.1173696097066, 129.85283011366118, 8.682085140002007, 177.98193334057135]
[37.21489447324611, -16.416964323323036, 133.96400132470652, 18.49599380943606, 208.90366368001608]
[20.343550068654878, 5.474023787293623, 82.35987473623021, 12.219299896197535, 178.51471233364114]
[31.57254764049004, 4.741452315499862, 111.64878495751431, 16.74146214705734, 214.3087184186388]
[21.93225883421455, 6.00094830697763, 77.281090402962, 15.910404072948095, 196.2471606908869]
[23.850589364818656, 5.305632648735941, 125.16731129431338, 6.51416904783623, 175.86962944203472]
[40.91430180922299, -17.61323463684203, 136.29103126292253, 17.846394428492456, 196.46705599197298]
[20.760583130797826, 5.62662140856426, 82.9878135180674, 12.911466321220558, 185.82553343450567]
[30.53017265661655, 4.9673070839498745, 113.22797201450112, 17.94876771365034, 209.77975854933916]
[20.18775691390894, 6.100853476279867, 79.59626607313608, 16.51170399098335, 201.46921908282633]
[24.196789155490766, 5.475069383862346, 118.83172294060552, 6.974079711122646, 172.8870008716813]
[38.85126826751513, -15.330585038696366, 140.9874890053043, 17.164411874267223, 196.49905963473824]
[20.911779724690028, 5.763959267707834, 78.17929229879246, 12.498031064956878, 203.80467816847076]
[33.63879062463465, 5.170576375554887, 105.93744331882664, 17.80719600055245, 234.56830843497664]
[19.54685803647914, 6.1907681286518805, 76.81717396457941, 16.22535341235719, 193.29436852254284]
[22.079765038559685, 5.627562445476111, 109.17552289623147, 7.1242789938822115, 162.57555584381177]
[41.101914822646265, -14.40945373276016, 140.00021450462646, 17.060882582892223, 190.13938830106972]
[19.936209303882848, 5.887563340937051, 78.35883427477351, 12.105041641710484, 198.10964103085539]
[32.943345376727954, 5.353518737999399, 106.39109669498244, 17.230072100008467, 253.07906482431088]
[18.013518389917525, 6.2716913157866925, 76.35772055582113, 16.278540309417767, 183.0557904811206]
[21.35363204379821, 5.764806200928501, 112.36916296046162, 9.106424441135939, 161.96120204615266]
[38.71195602802178, -11.526763584186337, 137.06050315179735, 18.343781077000084, 204.0659963060763]
[20.396417550661724, 5.998807006843346, 72.11074952392777, 12.281455868808548, 187.1263943057986]
[30.741514144421565, 5.518166864199459, 104.51721503551524, 18.643725220395503, 248.75052116296987]
[22.85102645288072, 6.344522184208023, 80.79521345453368, 17.356748955229936, 174.44839909750257]
[21.61447268137189, 5.88832558083565, 110.22033652492306, 9.799689249304546, 175.22891745313757]
[35.65362508179445, -11.485452613369425, 131.26678232196411, 19.352919001633744, 199.8948349375404]
[19.59211790389248, 6.0989263061590115, 76.50758477245118, 11.652808728814271, 175.9588753450775]
[29.81357778848351, 5.666350177779513, 107.16801185757217, 17.979352698355953, 248.12699732653468]
[23.005566485252505, 6.410069965787221, 80.37574491245822, 17.52949465945631, 159.29740559346376]
[22.64045742391472, 5.999493022752086, 119.58859099323927, 7.264164165404526, 184.21719182130343]
[37.03243550239121, -9.23465398629526, 123.23378302668263, 18.61762710147037, 196.82074924108343]
[18.923499917369725, 6.18903367554311, 80.61446142331219, 12.528565144042414, 189.17313248104034]
[32.13905693715828, 5.799715160001561, 100.78828838199524, 18.605031843220225, 233.80737698693227]
[23.102046753649297, 6.469062969208498, 83.75865081888848, 18.9866583436539, 169.71265444418]
[22.059127007335434, 6.099543720476877, 126.78704012475475, 4.991779589137698, 169.5069070498106]
[39.54729562316018, -8.349120159541659, 117.33396184402476, 17.055864391323333, 193.41277163892957]
[17.3141314983892, 6.270130307988799, 86.09937283688468, 12.950926892551745, 193.3340941605559]
[34.1116941149689, 5.9197436440014055, 93.15458024644037, 17.9445286588982, 218.04746292130787]
[21.748810380007136, 5.744189604940391, 89.03087159353959, 18.28799250928851, 181.10725881565386]
[20.731426592634865, 6.189589348429189, 130.80343799324038, 4.449553731437202, 178.4103005265105]
[42.58236360678555, -9.757099202028794, 122.64082498150148, 16.159068719386763, 199.74338444715087]
[16.916385034282964, 6.343117277189919, 82.17764368346036, 12.099206122931239, 181.08114804350623]
[34.72799576306171, 6.027769279601265, 92.68787458826672, 16.966024766452747, 242.2210322635412]
[23.286964209459825, 4.969770644446351, 87.26062988644958, 16.82100469554966, 187.49997861711853]
[17.867657259823414, 6.27063041358627, 122.39865112436182, 4.412245809285503, 185.71209284123162]
[42.554324748531585, -10.141018119800968, 124.6414401981445, 18.233249918432595, 206.29222187603202]
[18.511817437647732, 6.4088055494709275, 84.59519462251994, 12.94883810335095, 174.93364953166818]
[35.180090046172886, 6.124992351641138, 92.70240965531816, 17.06099844681078, 245.83063468091012]
[21.44140949743049, 5.172793580001716, 84.64445062429233, 15.942758497776461, 183.94009594372042]
[18.271391133262632, 6.343567372227643, 126.52235393974215, 3.890807999952517, 190.64875593833864]
[42.6998155714611, -14.508446904673576, 136.9824893988116, 17.541128570382153, 195.07943048758315]
[20.26869578381, 6.467924994523834, 84.64006037516269, 13.29510854244546, 176.5461208408326]
[32.66250199285516, 6.212493116477025, 101.16722233661658, 16.74622124574313, 236.08073999533394]
[23.270712575888382, 5.355514222001545, 88.22200765259211, 15.587680149593504, 177.34218432735776]
[18.79841721377237, 6.409210635004879, 134.44042361045783, 4.03144808312234, 184.8780887908155]
[40.724357516042325, -11.816818265056746, 129.17805074678722, 18.027208476625376, 199.64658462830312]
[18.553266266977232, 6.011151468733539, 87.71829685352678, 13.305659479533135, 172.35435861771265]
[31.4915611086782, 6.291243804829322, 106.21191990674633, 16.92796069033558, 246.63318345246628]
[24.937368186807547, 5.51996279980139, 85.30793605627521, 16.970488762078958, 169.6899537791652]
[18.156556241445983, 6.468289571504391, 126.49655518166321, 3.4133506478565168, 179.70213405780154]
[39.11842074521318, -12.564264400174878, 133.32283067331178, 17.986034502521093, 210.21672598358293]
[17.953771032016355, 5.210036321860184, 84.30451430557687, 14.028831156130435, 189.51283802498745]
[33.220768013201365, 6.36211942434639, 108.02985033367311, 16.944214534651728, 238.1441764278094]
[23.305362898718663, 5.667966519821251, 77.39895276398, 18.34872897968407, 195.82235026793776]
[17.89806648465884, 5.697893764558716, 125.23322104323032, 4.015571932012841, 168.664609399385]
[41.40944531035432, -12.753417242872075, 126.64377128911097, 19.11172872755211, 209.995845956637]
[17.817310786651483, 5.389032689674166, 86.62206122546773, 13.631070191668574, 189.67499422003112]
[32.88534784881236, 6.425907481911751, 103.7626518998233, 17.90588747694956, 234.60721566812302]
[22.423146781986127, 5.801169867839126, 80.19444900936402, 20.538813025370022, 187.76004447653537]
[18.055823235364144, 4.928104388102845, 124.57422676064125, 5.778760081354205, 171.46136197502827]
[43.76513040782474, -15.997748633403585, 125.57880431858082, 18.4005558547969, 196.0287313830884]
[23.291481045541794, 5.5501294207067495, 89.30766914410076, 14.250376197815417, 190.14295912815166]
[30.793322043430138, 6.483316733720576, 102.71417053296496, 19.249385141536404, 227.0450424476366]
[20.591034905862493, 5.921052881055213, 73.91606199264686, 19.68493172283302, 181.7737850510969]
[17.999642585220432, 5.13529394929256, 121.21667925431629, 7.734163704365157, 158.04213863719087]
[44.12557566865591, -14.398293755488712, 131.2522806817761, 18.441462447124252, 197.78703223092617]
[24.663648499556533, 5.695116478636074, 83.41526603966585, 13.535053352508982, 185.43808026815788]
[30.00128695383292, 6.3870089863115895, 95.18479298804333, 18.524446627382765, 235.32396580964908]
[19.965885465067643, 6.028947592949692, 71.90286149745936, 18.01643855054972, 180.93981181191648]
[16.987436424842656, 5.321764554363304, 118.76022099924522, 7.673857803034988, 173.288146966545]
[41.09930269438795, -14.45714014542516, 123.28434469025903, 17.797316202411828, 199.55574566793072]
[25.724557348074107, 5.825604830772467, 83.93816163429612, 13.965258819570725, 198.82457130834482]
[31.036026170676504, 5.5483080876804305, 94.12955565908388, 16.972001964644488, 227.30323995107625]
[21.625620736835405, 6.126052833654723, 72.11225079466463, 17.10054391727828, 194.941611585741]
[15.61025039043336, 5.489588098926974, 117.20925604102877, 7.107423099917915, 175.88420798356327]
[43.09673772810992, -12.17700372341157, 121.87932864044726, 17.323785908900803, 185.30641323878513]
[27.205748485245284, 5.943044347695221, 83.58935120141595, 14.318334066195442, 192.55801915241327]
[30.6265096827602, 5.693477278912387, 95.37218047305609, 16.22324127212157, 235.3507830921093]
[23.101281328601445, 6.21344755028925, 68.82626568171925, 18.208441778274974, 189.16260336315065]
[18.275993403762296, 5.640629289034276, 116.44340965312004, 8.43644137442849, 172.57068590408173]
[40.77673395737697, -15.038787027726613, 118.72147730243091, 17.52710658465044, 184.34631464207433]
[26.70253743949309, 6.048739912925698, 85.39879246307119, 13.396000499777152, 182.035125769774]
[30.710060916470457, 5.824129551021149, 97.02844931137743, 16.251390245379728, 235.85418712092041]
[22.381983770788136, 6.292102795260325, 74.07400355951438, 18.638531822825865, 184.11322956520962]
[20.163331039599623, 5.776566360130849, 119.69880791009021, 7.337034402850701, 157.56736376700476]
[39.96902236444228, -14.525012373530249, 115.44850481668395, 16.20981515667514, 168.23701811353223]
[24.66024140516264, 6.143865921633128, 81.77426322898462, 12.897904843817486, 177.43269809364338]
[30.741156613556115, 5.941716595919034, 104.6818593565485, 15.959439195801995, 227.09683496586015]
[21.887829902884857, 6.362892515734293, 71.27649399904465, 17.974678640543278, 173.09011467724997]
[20.968134408923433, 5.898909724117764, 126.42973834138697, 5.562909341728719, 162.123201210634]
[41.67127020363814, -15.688220884149011, 110.34744332165897, 15.737801092103865, 159.18983922071325]
[24.30949975388063, 6.229479329469815, 74.72808943266952, 11.890701946816685, 191.1706174876703]
[32.495450578446395, 6.04754493632713, 110.45381829336563, 15.710866564081465, 227.5995634269532]
[21.15838823861151, 6.426603264160864, 68.9391908020751, 16.461784673592888, 188.5089383368259]
[19.592346743135746, 6.009018751705987, 130.79079523982716, 4.0581524938861, 159.51066116896635]
[44.234890493406894, -20.309523130450827, 119.04031884251167, 15.566987181507587, 169.26347281851446]
[23.956916921906224, 6.306531396522834, 71.52774579973111, 11.723345081157053, 180.759216810101]
[33.1638076161601, 6.142790442694417, 110.36628443050786, 16.302315679761804, 226.13025252251438]
[23.15609777203951, 6.483942937744777, 68.37982498580908, 17.772272606954655, 196.99091841738763]
[19.01511171006857, 6.108116876535389, 134.1764450923728, 6.069515606054562, 175.32149306219154]
[43.73449111025428, -16.200605499542345, 124.83876443122239, 16.649603273898105, 189.812071910112]
[22.545625448911075, 6.375878256870551, 72.06199751813942, 11.332391837631599, 192.74314658706575]
[32.25423629749084, 6.228511398424976, 107.09156317615103, 16.074019199670715, 212.53793995190776]
[23.055863570045954, 6.212993922251398, 65.38459275400791, 17.1824173567947, 198.42140447007716]
[18.533925641494992, 6.19730518888185, 133.46137040310498, 7.006571787541933, 174.39314095823053]
[40.463454699156244, -13.79120508475528, 124.87985659349718, 17.756634142772434, 202.5466903127997]
[21.951740450491755, 6.438290431183495, 76.97396588309073, 10.691881998129189, 199.91989289252453]
[32.23732173254946, 6.305660258582478, 106.86652346170337, 17.004438654441728, 219.4274636992455]
[21.382647951779088, 5.391694530026258, 60.51166641477755, 16.31928154971328, 211.59944879294486]
[18.033496632671415, 6.2775746699936645, 130.70918178064073, 5.5631176354737, 182.6858709777578]
[36.64272007108662, -8.7324212973514, 126.83426842293845, 18.366042516015106, 201.41178632624863]
[20.919437536758817, 5.2892447554548045, 82.75228994065938, 10.30368162730313, 195.91755469965696]
[36.04543029560981, 6.37509423272423, 111.76082772404699, 17.127075504528577, 213.42611035024026]
[21.157099698079513, 5.552525077023632, 64.07435279638723, 16.971068495555066, 202.5556066250858]
[19.05815550774812, 6.3498172029942985, 129.40076226684957, 7.033338649160541, 164.70799587254052]
[39.805770555134856, -9.527970278656179, 119.95507434586203, 19.71133669356389, 187.20542458452013]
[19.667902606852692, 4.560320279909325, 81.19869180552631, 10.361982036432797, 186.40255135941882]
[34.19634907976581, 6.437584809451807, 106.00239677771741, 19.048807321942416, 222.360636014939]
[20.958132338559007, 5.697272569321269, 63.49129713414408, 17.165377409716328, 207.79680183082084]
[19.61458972944235, 6.414835482694868, 129.23568247126187, 5.7506336051010845, 160.06894700306066]
[43.225452890479005, -12.535676110402928, 117.49300445264987, 18.940203024207502, 173.8164459818447]
[19.212999215534456, 4.804288251918392, 87.38728197260927, 9.778491198568815, 178.40506063281535]
[32.943798682603195, 5.194518316262379, 105.56817626469282, 18.343926589748175, 229.3674898819265]
[19.86480744804145, 5.827545312389142, 65.11412467391436, 17.100010254156395, 191.40083905610874]
[18.155955652316628, 6.473351934425382, 130.27236792884145, 4.991568433700146, 165.86121683497052]
[39.85122303249412, -10.886894090253477, 123.101275253636, 17.346182721786754, 182.9473154127425]
[19.370846601474284, 5.023859426726553, 80.76858837996028, 9.689897246018015, 186.5195668856006]
[31.996578634484653, 4.475066484636141, 101.13195535350853, 17.344245013867976, 243.6302375372789]
[19.20291805760008, 5.944790781150227, 70.06256315165413, 18.287651745746036, 195.97339805854946]
[16.226829067829726, 3.6217694899017214, 121.07997949496253, 7.338256279184173, 160.5425329723466]
[39.61235998640621, -10.536055859378902, 113.68751768100068, 17.693133028647637, 171.50306756612807]
[20.369771683147484, 5.221473484053897, 82.65014436007702, 10.329100667454908, 208.0861342707581]
[31.365862088762874, 4.727559836172527, 105.17774665519183, 19.643226457487835, 240.41202755537824]
[18.346985441130258, 6.050311703035205, 65.53378781358734, 17.500415586408625, 208.9194969056327]
[15.522839906371129, 3.059592540911549, 110.08522330988632, 6.973128452379614, 167.71483627026862]
[42.068156970784216, -9.380613356710377, 109.99308564843292, 17.817825399780308, 173.2126783817782]
[18.83382506513151, 5.399326135648508, 85.99342429465163, 11.198464944224261, 199.2334359452564]
[32.03289887594355, 4.9548038525552744, 101.95353290213612, 18.87890381173905, 248.47316217455847]
[17.94576143624164, 6.145280532731684, 65.3992342255645, 18.530654745185632, 206.29058912994066]
[19.948183410867014, 3.453633286820394, 106.06004964568122, 8.548478383994365, 166.0855210512763]
[43.75234322084724, -13.35870146244855, 121.53374458988482, 17.890809959832872, 165.12320786209392]
[17.711631419163268, 5.559393522083656, 80.70466782008279, 11.78264744927598, 204.93073196533354]
[33.17309700321479, 5.159323467299747, 95.9614039893976, 17.291013430565148, 241.95346526061797]
[19.372841063188, 6.230752479458516, 65.80122349854113, 17.87758927066707, 206.14626787693936]
[19.175122312252658, 3.8082699581383546, 112.24450493604267, 9.200321120542934, 167.82576833120896]
[44.488934896941494, -12.00789455795109, 127.90459013263636, 18.553576790630594, 179.17308933459242]
[20.90650406112585, 5.703454169875291, 80.44053566483491, 12.214511935350657, 193.27953646001177]
[32.46554598274413, 5.343391120569772, 98.0910933632506, 18.505647036772025, 228.1702148723493]
[21.62634643279735, 6.307677231512664, 71.67230740437151, 16.951320437760266, 191.6560986465988]
[18.82948699743695, 4.127442962324519, 115.27679528312873, 10.613549086302475, 185.97465880670956]
[42.372328668861385, -13.574880651168371, 120.86795411444443, 17.898219111567535, 168.54011805324436]
[20.755338046516474, 5.833108752887762, 82.83291366831698, 12.500319607403487, 198.3889466046998]
[33.036629750104666, 5.5090520085127945, 100.30906905702626, 17.85508233309482, 228.78070865471008]
[21.767576247497153, 6.376909508361398, 77.3999057396051, 16.287783674331074, 200.65384925956346]
[17.98028967587759, 4.414698666092066, 116.56175386528098, 7.019647070601386, 198.78176840094883]
[40.787986836243675, -11.718621640522734, 119.40323454970287, 16.227608166967627, 188.94247790576318]
[21.83603429739955, 5.949797877598986, 82.37022120741014, 13.060777102831683, 192.80693471207067]
[33.00547642874162, 5.658146807661515, 94.82695258349925, 18.38427488160026, 239.09429117423713]
[22.157345327603053, 6.439218557525258, 71.01537555732337, 18.02445482121869, 194.85068439313827]
[20.820012171333595, 4.67322879948286, 111.36165162778245, 6.869692512275729, 185.12770520107384]
[40.003155936964326, -10.37289254151797, 115.20692899191056, 18.099866324803, 194.52760266079517]
[19.993357764481974, 6.054818089839087, 81.54207255055957, 12.561101324907144, 190.2790720482043]
[33.37097604462538, 5.792332126895364, 92.49989824772739, 18.042210841356173, 237.1225467102045]
[22.317961466492342, 5.960043208152254, 66.27564168412533, 18.67918971600354, 198.39715068452537]
[19.978205310141522, 4.905905919534574, 109.83319531110212, 6.8222066589079216, 188.22646725004725]
[42.57742480593032, -16.41208710605789, 121.44588773874959, 18.821132845455413, 184.08925249366814]
[20.92159489053459, 6.149336280855178, 75.53001753146509, 11.505750746310984, 198.38350946977832]
[31.964937387486376, 5.913098914205827, 99.33861536712965, 19.503053272192627, 225.81328830446378]
[21.642248094489197, 5.164038887337028, 72.59644477767661, 18.011270744403184, 194.30728497715586]
[20.558860664905744, 5.115315327581117, 106.02302014553726, 6.920791106188917, 173.93712372134587]
[40.84317471822314, -14.345810437035468, 116.8138674619994, 18.139019560909873, 184.6635301402687]
[21.623016325824366, 6.234402652769661, 80.50781587514615, 11.959268077228211, 195.49760820048195]
[32.209947585310005, 6.021789022785245, 108.11732253061543, 18.752747944973365, 226.02909210070396]
[22.415121812736427, 5.347634998603326, 77.75455549674824, 17.630366546652752, 205.71999811729484]
[19.859495046990364, 5.303783794823005, 114.37392326816143, 8.196658711762709, 174.4917205873691]
[42.0706333329752, -15.489752411712164, 116.4359405991174, 19.027472219426336, 186.3234466926977]
[19.670048382041553, 6.310962387492695, 87.59063198646848, 12.815049791127311, 205.1693274631263]
[35.45683797967592, 6.11961012050672, 113.23449283516896, 17.17747315047603, 245.27071306106305]
[23.527693686582378, 5.512871498742993, 74.1189269026979, 18.90981955142187, 205.2535445114682]
[20.303738667209892, 5.473405415340705, 119.00641140011948, 7.704410189171392, 180.2894836897804]
[45.18344442502715, -19.13462986261042, 110.03054808364212, 18.324724997483703, 177.0923919230123]
[21.193715678185704, 6.3798661487434245, 88.27198415782503, 11.820326119669918, 197.35766386032543]
[33.57843515366213, 6.207649108456048, 111.70993905889472, 16.246649292941104, 248.6985133061103]
[22.994688070695503, 5.661584348868694, 69.74137828584142, 18.218837596279684, 211.98548139630347]
[19.54841714969613, 5.626064873806634, 124.6248422779336, 7.257124940725742, 193.15157104801767]
[44.88364383381298, -12.313195306583058, 121.16911157185824, 16.614722366030854, 183.0394227209322]
[20.825060780619406, 6.441879533869082, 87.98767367131626, 12.120809103137113, 204.00111233587847]
[32.52690219788184, 6.286884197610443, 113.16137494841732, 18.091708295520053, 250.7734465502736]
[24.28576358335945, 5.795425913981825, 75.54949887938433, 18.40921257459305, 202.6358261304521]
[20.596404517147075, 5.76345838642597, 125.68599083123893, 7.680328722025119, 193.98821600338573]
[43.30879935748701, -9.30542381339129, 118.76965969105774, 16.270338073608492, 183.08800651633575]
[21.812277385995102, 5.061335903200821, 86.9851952881142, 11.788592645051423, 186.2970001833386]
[33.529589214877575, 6.358195777849399, 114.85279650726669, 19.633987199773678, 250.9028805774468]
[22.551180010491116, 5.9158833225836425, 68.81914236268649, 17.466772840722122, 204.86180217819515]
[19.895960751915535, 5.8871125477833735, 126.46602055594516, 7.4469601256730344, 190.09432535380375]
[41.41746767457364, -10.4758083620358, 119.54127580989373, 16.202678444024667, 182.08653599831234]
[20.97738176926684, 4.355202312880739, 80.32613308278545, 12.627887469143943, 174.95981796463042]
[32.78125068842979, 6.422376200064459, 109.97571076413956, 18.87058847979631, 242.49433191596154]
[21.07931377638343, 6.024294990325278, 72.7376290513539, 18.02607597471677, 194.1720919167345]
[19.049748080234764, 5.9984012930050365, 129.6485135638456, 8.57130646859407, 175.1462609233045]
[38.43147335269399, -15.97258737051349, 114.02347465126711, 17.770852536064474, 182.45728398383153]
[21.72492313696108, 4.619682081592665, 81.69011614908172, 13.175156188516317, 190.62060162516718]
[30.30656459323238, 6.480138580058013, 106.02239461518127, 17.28352963181668, 239.93574132197332]
[19.382093906749287, 6.12186549129275, 79.08080994738657, 20.30388189117278, 187.07377959323435]
[18.286748848509887, 6.098561163704533, 129.01793933049586, 9.594944538941096, 158.33517900825686]
[38.13523718973367, -18.241600967989903, 111.72466120490357, 16.506093743987357, 198.23782902782466]
[22.299576277748514, 4.857713873433399, 84.16322397118202, 12.314370703239097, 185.57579456833648]
[30.41943897845556, 4.707748965337059, 96.41747719753239, 17.04256548720646, 237.6642349900729]
[19.33657765710749, 6.2096789421634755, 79.06932852342715, 19.473493702055503, 199.904938634396]
[18.26186629559447, 6.1887050473340794, 123.77023370571152, 9.32820126645815, 171.67419261664972]
[41.323346738407274, -14.56637340701927, 103.64489647553539, 18.26264698510581, 193.7418576218877]
[23.908489017655207, 5.071942486090059, 88.32699624804, 12.41899764029773, 186.52153675866083]
[29.277453465305815, 4.036974068803353, 101.74344151121778, 16.981418499648537, 236.2089363356749]
[19.553268631672054, 6.288711047947128, 75.69884442183714, 17.826144331849953, 200.96169947406864]
[17.74212427037484, 6.269834542600671, 123.7452688399971, 9.807477128928248, 155.24190075304793]
[43.77993001238363, -10.512717421469741, 110.76816474869628, 16.895907150055397, 182.24837527815856]
[22.95850868737392, 5.264748237481053, 82.74468688476985, 12.19695414399944, 198.26947750718512]
[30.993169313703362, 4.333276661923017, 103.59259050205912, 18.880788953202025, 252.00034356187814]
[18.74818168071391, 6.359839943152415, 72.78163958489299, 17.30004736561789, 212.21365268764586]
[21.95740682773884, 6.342851088340604, 127.26830986476052, 9.802787670018056, 158.1815825897604]
[43.722622070877904, -11.921232587422644, 109.72064905322007, 17.495577425076014, 186.39015463901978]
[24.472039634355557, 5.438273413732947, 87.5223790551255, 12.199275778234643, 195.71415739716198]
[31.62467577948227, 4.599948995730715, 97.03377940058708, 18.192710057881822, 237.62408513111947]
[20.372558963137248, 6.423855948837174, 67.8423280964992, 18.172781415736456, 197.38257450453395]
[20.940628418689624, 6.408565979506544, 120.65341636351503, 10.142367060706569, 161.45200186358022]
[43.272492776746176, -9.621528189315343, 111.54296568178542, 16.259599790195885, 185.15213140572624]
[24.596930892080195, 5.594446072359653, 81.89277743013719, 11.31823428991763, 179.66058827676312]
[33.00348932278732, 4.839954096157644, 104.42301158982433, 17.6731803014312, 239.2157205680428]
