[14.0, 0.0, 19.0, 2.98756208643354, 7.026037918132844]
[14.0, 0.009950330853168092, 18.922884935887947, 3.0093822629760103, 7.042288906125965]
[14.06700133254544, 0.0, 18.909069620116902, 3.0143574284025942, 6.96649933372728]
[14.0, -0.019900661706336184, 19.0, 2.98756208643354, 7.0298509925595045]
[14.039637922699228, 0.0, 18.92897028182324, 3.0149254962797523, 7.069652315972177]
[14.0, 0.0, 19.0, 3.0, 7.0]
[14.0, 0.0, 19.0, 3.0, 7.0]
[14.0, 0.0, 19.0, 3.0, 7.0]
[14.0, 0.0, 19.0, 3.0, 7.0]
[14.0, 0.0, 19.0, 3.0, 7.0]
[19.491604734704744, -0.8264550590705881, 19.0, 1.6225749015490196, 11.536454995338648]
[8.214814586505883, 0.8264550590705881, 19.0, 3.0, 7.0]
[8.508395265295254, 0.8264550590705881, 19.0, 1.6225749015490196, 7.0]
[14.0, 0.0, 19.0, 1.6225749015490196, 11.536454995338648]
[8.214814586505883, 0.0, 27.26455059070588, 1.6225749015490196, 7.0]
[29.971099275162494, 0.0, 39.83186861977717, 3.0, 19.129117136999426]
[0.1120875868152229, 0.0, -0.8275719537099313, 3.0, 18.804725551207063]
[14.0, 0.0, 39.83186861977717, 0.2224175173630445, 18.804725551207063]
[-0.5823080338440167, 2.0831868619777167, 19.0, 3.0, 19.129117136999426]
[14.0, -2.0831868619777167, 40.21636319502841, 0.2224175173630445, -4.804725551207062]
[33.28430615241278, 0.0, 19.0, 7.028589787741933, 7.0]
[27.644280449574076, -2.41715387264516, -1.9486668962580538, 6.84459490496403, -9.114359150967733]
[-2.061434322219238, 0.0, -8.394410556645148, -0.038876947415642515, -9.114359150967733]
[28.50292323587096, 0.0, -5.171538726451601, 3.0, 7.0]
[-2.9200771085161215, -2.41715387264516, 46.03482758993348, 3.0, 7.0]
[14.0, 0.0, 19.0, 3.0, 7.0]
[14.0, 0.0, 19.0, 3.0, 7.0]
[14.0, 0.0, 19.0, 3.0, 7.0]
[14.0, 0.0, 19.0, 3.0, 7.0]
[14.0, 0.0, 19.0, 3.0, 7.0]
[-6.447045860988236, 2.9210065515697483, 19.0, -1.645995868373162, 23.033557562328042]
[14.0, 0.0, -10.21006551569748, -1.645995868373162, 7.0]
[14.0, 0.0, 48.21006551569748, -1.8683442526162466, 23.033557562328042]
[14.0, 0.0, 46.80185908215795, 7.868344252616247, 7.0]
[-5.409420067853844, 2.9210065515697483, 48.21006551569748, 7.645995868373162, 7.0]
[14.0, 0.0, 19.0, 3.0, 7.0]
[14.0, 0.0, 19.0, 3.0, 7.0]
[14.0, 0.0, 19.0, 3.0, 7.0]
[14.0, 0.0, 19.0, 3.0, 7.0]
[14.0, 0.0, 19.0, 3.0, 7.0]
[14.0, 0.0, 2.512486962848154, 0.2520811604746922, 16.342924054386046]
[3.044424900713693, 0.0, 2.512486962848154, 0.37758488048611794, 16.342924054386046]
[3.044424900713693, 0.0, 19.0, 5.622415119513882, 16.05008204102605]
[24.955575099286307, 1.6487513037151849, 35.48751303715184, 0.2520811604746922, 7.0]
[2.4587408739937064, -1.6487513037151849, 2.512486962848154, 5.747918839525308, -2.3429240543860477]
[38.187638229934855, 0.0, -10.43256761654958, 7.607169186654258, -14.884053636607725]
[14.0, 3.455376889990694, 19.0, 3.0, 7.0]
[34.65660408360071, 0.0, 19.0, 3.0, 7.0]
[-12.415565566918538, -4.607169186654258, 58.160938086561195, -1.6071691866542581, -11.966744266777091]
[-7.8840536366077245, 0.0, -12.098392009916243, -2.4959365791020334, 23.66315967344996]
[29.592225679774824, 1.7991029630509412, 32.525482833225006, -0.46125736749411494, 14.796112839887412]
[14.0, -2.9985049384182356, 19.0, 0.0014950615817643786, 7.0]
[29.592225679774824, 1.7991029630509412, 36.991029630509416, 5.861556379810468, -3.194916790622001]
[4.404784197061646, 0.0, -2.921296660796063, 4.799102963050942, 7.0]
[14.0, 0.0, 4.60717629559247, 4.662154404443173, 7.0]
[14.0, 0.0, 38.608577597774044, 3.0, 7.0]
[0.9498669105175654, -1.242869818045946, 0.3569527293108088, 3.0, -3.233266042870099]
[14.0, -2.485739636091892, 19.0, 3.0, 7.0]
[2.1927367285635118, 1.864304727068919, 19.0, 3.0, 17.2332660428701]
[1.612121731558453, 0.0, 35.77874254362027, 0.03473720225103971, 7.0]
[39.57291634040723, -3.848577438786621, 19.0, 9.12134021750408, 28.80860548645752]
[14.0, -3.848577438786621, -14.354337802817383, -3.414295731311035, 25.559324328383546]
[14.0, 0.0, 19.0, 3.0, 7.0]
[37.007198047882824, 0.0, -19.485774387866208, 3.0, -16.690760913432374]
[-9.00719804788282, 0.0, 62.61721097291504, 3.0, -14.80860548645752]
[14.0, 0.0, -20.596570405233734, 3.0, 36.03748496383807]
[14.0, 2.6397713603489157, 50.677256324186985, 3.0, 34.01430707861785]
[-13.717599283663613, 0.0, 19.0, -3.2980174558526736, 7.0]
[14.0, -3.9596570405233735, 49.35737064401253, 3.0, 7.0]
[14.0, -3.9596570405233735, 19.0, -3.5994284008722897, -9.455221637222184]
[14.0, 0.0, 19.0, 3.0, 7.0]
[14.0, 0.0, 19.0, 3.0, 7.0]
[14.0, 0.0, 19.0, 3.0, 7.0]
[14.0, 0.0, 19.0, 3.0, 7.0]
[14.0, 0.0, 19.0, 3.0, 7.0]
[14.0, 0.0, 19.0, 3.0, 7.0]
[14.0, 0.0, 19.0, 3.0, 7.0]
[14.0, 0.0, 19.0, 3.0, 7.0]
[14.0, 0.0, 19.0, 3.0, 7.0]
[14.0, 0.0, 19.0, 3.0, 7.0]
[14.0, -2.1253510548058276, 39.2288866808851, 3.0, -5.0436559772330245]
[14.0, 0.0, -2.2535105480582764, -0.542251758009713, 7.0]
[28.12247137625003, -2.1253510548058276, 19.0, 6.380469042140263, 7.0]
[14.0, 2.1253510548058276, 19.0, 3.0, 18.66616297353764]
[28.877457383640795, -2.1253510548058276, 40.25351054805827, 6.542251758009713, -5.0436559772330245]
[29.17736758573629, 0.0, -5.572880853096851, -0.4486149038599314, 7.0]
[14.0, 0.0, 0.2089734652788806, 0.10907284081213531, 7.0]
[31.34556295512719, 2.1681953693908986, -2.6819536939089836, -0.4486149038599314, 7.0]
[29.17736758573629, 0.0, 19.0, 3.0, 21.454635795939325]
[-4.068294744924156, 2.1681953693908986, 19.0, 3.0, -3.840976846954492]
[-3.621429792549389, -2.2087238673752534, 37.40603222812711, 0.22316393683774605, 7.0]
[28.67646463604905, -2.2087238673752534, 38.14227351725219, 5.7768360631622535, 19.123800697337575]
[32.40603222812711, 2.944965156500338, 37.077455926111, 0.22316393683774605, 19.516101915126434]
[31.62142979254939, -2.2087238673752534, -2.022421082611338, 3.0, 21.72482578250169]
[14.0, 2.944965156500338, -3.087238673752534, 6.681206445625422, 7.0]
[27.48304466868039, -2.2471741114467316, 19.0, 5.996232148595642, 19.73398663153148]
[31.92818985722742, 0.0, -5.384618951747846, -0.7452901857445524, 7.0]
[32.72645092872276, 0.0, 43.384618951747846, 0.17482379529621772, -7.98116074297821]
[14.0, -2.2471741114467316, 19.0, 6.745290185744553, 7.0]
[-1.730218780127121, 2.996232148595642, 19.0, 3.0, 7.0]
[-22.539982178282912, 4.567497772285364, 62.473003973546845, 3.0, 7.0]
[50.43997446253794, 0.0, 57.06248143571136, -3.0899970297138184, 32.88248737628373]
[-24.062481435711362, 0.0, 70.08550026068912, 3.0, 27.503736117411652]
[14.0, -4.567497772285364, 19.0, 11.787315478890708, 7.0]
[14.0, 6.089997029713818, 64.67497772285364, 10.264816221462253, 32.88248737628373]
[0.8170062089232593, 6.0, -10.14209473149911, 3.0, -3.1534250652862603]
[-8.457484477691851, 12.602878731568902, 20.0, 0.8578719700424378, -7.790670408593815]
[13.18299379107674, 6.0, -10.914968955383703, -0.6878764777267472, 38.24492196082463]
[17.408418303759795, -0.18299379107674074, 20.0, 3.0, -4.094729820999408]
[7.0, 14.92150140322268, 20.0, -1.6372453433075558, 16.0]
[7.0, 6.0, 20.0, 3.0, 16.0]
[7.0, 6.0, 20.0, 3.0, 16.0]
[7.0, 6.0, 20.0, 3.0, 16.0]
[7.0, 6.0, 20.0, 3.0, 16.0]
[7.0, 6.0, 20.0, 3.0, 16.0]
[27.660057666515552, 6.0, 66.8468248233541, -4.5832560452939175, -28.49858574326427]
[-13.660057666515552, 6.0, 66.8468248233541, 3.0, -28.49858574326427]
[27.660057666515552, -10.755747295704417, 20.0, -4.5832560452939175, 60.49858574326427]
[7.0, 6.0, -26.846824823354098, 3.0, 16.0]
[-13.660057666515552, 22.755747295704417, 69.26629135861401, 3.0, -26.563012515056336]
[-6.681921915780494, 14.853008298446202, -12.192757448895279, 3.0, -0.09637872444763929]
[7.0, 14.485429136432101, 52.19275744889528, 7.02409468111191, 31.116167625743373]
[7.0, 0.7338466084574273, 20.0, 5.414456808667146, 16.0]
[7.0, 6.0, 20.0, -1.0240946811119098, 37.55471911552243]
[7.0, 6.0, -12.192757448895279, 7.02409468111191, 16.0]
[-8.424275536551972, 28.06525624700892, 20.0, -4.774147044043901, 54.746716668683675]
[7.0, -16.809367556223922, 79.43076947903398, 3.0, 66.50645673163868]
[-13.311997155742812, 21.5482940880878, -28.026085700922025, 3.0, 16.0]
[-13.311997155742812, 23.177534627818083, 68.02608570092202, -3.144906504313621, 16.0]
[-14.180127016493639, 6.0, -20.731013493257002, -6.403387583774181, 61.618735112447844]
[6.0, 0.0, 21.0, 2.0, 22.0]
[6.0, 0.0, 21.0, 2.0, 22.0]
[6.0, 0.0, 21.0, 2.0, 22.0]
[6.0, 0.0, 21.0, 2.0, 22.0]
[6.0, 0.0, 21.0, 2.0, 22.0]
[6.0, -4.998842383908025, -29.65738589419395, -2.998842383908025, 22.0]
[6.0, 0.0, 21.0, 2.0, 22.0]
[-13.9953695356321, 0.0, 74.32098542835227, 6.998842383908025, -33.529390205046816]
[-13.9953695356321, -4.998842383908025, 74.32098542835227, 6.74516623779771, 77.52939020504681]
[6.0, 4.998842383908025, 71.65738589419395, -2.7451662377977097, -36.3198278122603]
[6.0, 0.0, 21.0, 2.0, 22.0]
[6.0, 0.0, 21.0, 2.0, 22.0]
[6.0, 0.0, 21.0, 2.0, 22.0]
[6.0, 0.0, 21.0, 2.0, 22.0]
[6.0, 0.0, 21.0, 2.0, 22.0]
[25.632405644789554, 0.0, 75.4244905512364, 2.0, 22.0]
[-13.632405644789554, 0.0, -33.42449055123641, -3.1022959891784136, 81.52678654041483]
[-13.632405644789554, -5.102295989178414, 72.70576645950206, 7.102295989178414, -34.67859939669313]
[-13.632405644789554, 5.102295989178414, -33.42449055123641, 7.102295989178414, 22.0]
[-13.632405644789554, 0.0, 72.70576645950206, -3.1022959891784136, 78.67859939669313]
[6.0, 0.0, 21.0, 2.0, 22.0]
[6.0, 0.0, 21.0, 2.0, 22.0]
[6.0, 0.0, 21.0, 2.0, 22.0]
[6.0, 0.0, 21.0, 2.0, 22.0]
[6.0, 0.0, 21.0, 2.0, 22.0]
[6.0, 0.0, 21.0, 2.0, 22.0]
[6.0, 0.0, 21.0, 2.0, 22.0]
[6.0, 0.0, 21.0, 2.0, 22.0]
[6.0, 0.0, 21.0, 2.0, 22.0]
[6.0, 0.0, 21.0, 2.0, 22.0]
[16.09116335738923, -2.622607909398826, 21.0, 4.622607909398826, -7.1331085822307045]
[16.490431637595304, 0.0, 48.97448436692081, 2.0, -7.1331085822307045]
[-4.091163357389231, 2.622607909398826, -5.577045386199558, -0.6226079093988259, 52.59709227631964]
[-4.490431637595304, 2.622607909398826, 48.97448436692081, 4.622607909398826, 51.133108582230705]
[16.09116335738923, -2.622607909398826, -5.577045386199558, 4.489518482663469, 51.133108582230705]
[-18.686582193133727, -5.289981898528656, -32.60774231844582, -4.784858601289652, -27.946862421052444]
[29.881230402888058, 0.0, 21.0, -3.289981898528656, 71.94686242105244]
[21.0645939053403, 7.053309198038208, -23.791105820898068, 2.0, 22.0]
[6.0, 7.053309198038208, 85.18770611550313, 8.784858601289653, -47.34346271565751]
[6.0, 0.0, 21.0, 2.0, 94.29641927989162]
[6.0, 0.0, 21.0, 2.0, 22.0]
[6.0, 0.0, 21.0, 2.0, 22.0]
[6.0, 0.0, 21.0, 2.0, 22.0]
[6.0, 0.0, 21.0, 2.0, 22.0]
[6.0, 0.0, 21.0, 2.0, 22.0]
[27.502780065964703, 5.375695016491176, 21.0, 2.0, -37.715638795695305]
[-15.502780065964703, -5.375695016491176, 21.0, -3.1028947380031386, 81.7156387956953]
[-14.68437923050059, 5.375695016491176, -33.47634391844815, -3.1028947380031386, 22.0]
[27.502780065964703, 5.375695016491176, 78.34074684257254, -3.375695016491176, 22.0]
[6.0, 0.0, -36.34074684257254, -3.375695016491176, 22.0]
[-22.064849181503952, -9.027970365995161, 78.77901034236903, -3.1418968897035757, 67.13985182997581]
[-8.444752585592258, 0.0, 75.89271437848706, 2.0, 22.0]
[20.44475258559226, -9.027970365995161, -19.447961792894795, 2.0, 82.17205393313739]
[34.06484918150395, 0.0, 93.94865511047738, -1.6111881463980646, -41.19579256196613]
[6.0, 0.0, 21.0, -1.336302816504543, 22.0]
[-5.901728126277462, 0.0, 97.3948349430243, 5.637849283001158, 22.0]
[6.0, 0.0, 21.0, 7.179859136426207, 22.0]
[-21.28386962250868, -1.8189246415005786, -24.473116037514465, -3.1798591364262068, 22.0]
[36.090974541283245, -5.456773924501736, 99.21375958452488, 5.637849283001158, 64.42705336868363]
[6.0, 0.0, 21.0, 5.360934494925628, 22.0]
[24.902642965963196, 2.0, -17.5302809111866, 2.0, 22.0]
[12.0, -2.440326759026302, -6.538826840630907, 2.0, 52.5245042316965]
[12.0, -2.440326759026302, 23.0, 2.0, 54.058407705787445]
[33.14623351887997, 2.0, 23.0, 2.0, 22.0]
[12.0, 6.579772529398206, 52.538826840630904, 2.0, 54.058407705787445]
[12.0, 2.0, 23.0, 2.0, 22.0]
[12.0, 2.0, 23.0, 2.0, 22.0]
[12.0, 2.0, 23.0, 2.0, 22.0]
[12.0, 2.0, 23.0, 2.0, 22.0]
[12.0, 2.0, 23.0, 2.0, 22.0]
[29.64062571216885, 7.5707239091059515, 53.87037938830654, 4.785361954552975, -10.495889469784721]
[12.0, -3.5707239091059515, -7.870379388306539, 4.785361954552975, 22.0]
[12.0, 2.0, -7.870379388306539, 2.0, 22.0]
[29.64062571216885, -3.429375206368719, 23.0, 2.0, 52.941053739675155]
[-5.640625712168848, 2.0, 23.0, 2.0, -10.495889469784721]
[-8.639375348515454, 2.0, 61.31355377310823, 5.737907685181291, -5.099830717564359]
[29.75506150461113, 2.0, 23.0, 5.595642044968463, 22.0]
[12.0, 7.606861527771936, 48.463775855116836, -0.6611651236731406, -9.14177020299519]
[32.63937534851546, 5.737907685181291, 54.070637382888776, -0.8034307638859679, 61.24803069440355]
[12.0, 2.0, 54.070637382888776, 4.661165123673141, 47.53490867522325]
[40.21074485096733, 2.0, -55.990085582708545, 2.0, -31.27194757541934]
[12.0, -8.997975928885541, -39.532368186657756, 2.0, 87.82507131892378]
[46.01567807555026, 2.0, -52.22865293591289, 7.355826958692074, -29.39123125202152]
[12.0, 2.0, -50.816666127044684, -3.6421489701934675, -58.870801906106365]
[12.0, 2.0, 23.0, 9.52286529359129, 22.0]
[12.0, -3.6766253212345, 45.706501284938, 4.694276869547037, -2.598709725349501]
[12.0, 4.83831266061725, 44.9961939078363, 4.694276869547037, 64.88250464789792]
[34.78839075872247, -3.5325895301642873, 45.706501284938, 2.0, 45.01431602357715]
[-5.97598018390925, -3.6766253212345, 23.0, 2.0, 44.706501284938]
[-5.97598018390925, -3.6766253212345, -10.113647707201253, -2.5864853099585376, 22.0]
[12.0, -5.613769374609682, -49.80520256225422, 9.613769374609682, 22.0]
[46.42671347695637, 15.324096405566944, 93.9017602186018, 2.0, 22.0]
[46.42671347695637, 15.324096405566944, 23.0, 2.0, -58.56386285790053]
[48.16540452939599, 15.324096405566944, -47.901760218601794, -5.613769374609682, 22.0]
[48.16540452939599, 15.034314563493675, 93.9017602186018, 9.323987532536414, 105.7514631207065]
[-24.165404529395992, 15.034314563493675, 93.9017602186018, 2.0, 22.0]
[-31.943925195218476, 2.0, 23.0, -3.710327030957262, -54.13769374609683]
[38.81294410234669, -5.323987532536413, 89.62048202783473, 7.420545188883993, -54.13769374609683]
[40.55163515478631, 9.323987532536414, -28.867336782077594, 5.517102845231571, 22.0]
[40.55163515478631, 2.0, 74.86733678207759, 5.517102845231571, 22.0]
[12.0, 2.0, 23.0, 2.0, 22.0]
[12.0, 2.0, 23.0, 2.0, 22.0]
[12.0, 2.0, 23.0, 2.0, 22.0]
[12.0, 2.0, 23.0, 2.0, 22.0]
[12.0, 2.0, 23.0, 2.0, 22.0]
[30.289211638921184, 2.0, 23.0, 2.0, -10.078651257012531]
[29.409937950528743, 7.775540517554059, -10.690653019065344, 2.0, 22.0]
[30.289211638921184, 7.628994902821985, -9.005378449646493, -0.8877702587770293, 22.0]
[12.0, 7.775540517554059, -10.690653019065344, 2.0, 22.0]
[12.0, -3.628994902821985, 23.0, 2.0, 54.07865125701253]
[54.753046284410004, 2.0, 87.3606880385704, -3.807113983814273, 22.0]
[12.0, -13.19094380269927, 73.81075540967043, -3.807113983814273, -45.74966314449985]
[56.52120720924276, 17.485637290171397, 75.74646007094185, 7.5124204963421475, -45.74966314449985]
[12.0, 17.485637290171397, 75.74646007094185, 7.5124204963421475, 22.0]
[48.77838856415706, 17.485637290171397, -27.810755409670435, 2.0, 89.74966314449985]
[12.0, 2.0, -31.19973051559988, 7.807113983814273, 86.50803478230647]
[12.0, -5.7428186450856975, 90.74966314449985, 2.0, -59.29959577339983]
[37.298158332989466, -3.689905181542904, -19.08176343421465, 0.2021191773785529, 22.0]
[30.487115704876917, 3.946012179460728, 23.0, 2.0, 46.3251522432591]
[29.59832756384123, 11.581929540464358, -19.812267948136018, -2.7168990918125395, 54.42576821533065]
[29.59832756384123, 11.581929540464358, 23.0, 6.7168990918125395, -12.055213140562742]
[12.0, 2.0, -19.812267948136018, 2.0, 56.05521314056274]
[12.0, -3.689905181542904, 48.298158332989466, -2.7168990918125395, 22.0]
[29.59832756384123, 2.0, 23.0, -0.919018269191092, 22.0]
[12.0, -1.9122229854308124, 23.0, -0.7852671177875674, -12.231951122519611]
[12.0, -4.846390224503922, -9.519599727735873, 4.934167239073109, -15.48432852016716]
[-5.689658453083105, -3.8683344781462186, 47.69515375687425, -0.7852671177875674, -19.07834134702353]
[12.0, 5.7633228641452705, 23.0, 2.0, 22.0]
[33.601881438513914, 2.0, -9.519599727735873, 4.934167239073109, -12.231951122519611]
[-6.677103036690465, -2.7653734502356224, 57.4051898044298, -0.9490162689511261, 48.86096695501542]
[12.0, -1.782368027251914, 23.0, 2.0, 49.52415184354385]
[-2.745081344755631, 5.932021691934835, -16.320216919348347, -0.7993626042682052, 49.52415184354385]
[-6.677103036690465, 2.0, 57.4051898044298, 4.949016268951127, 56.4051898044298]
[12.0, -3.7483788732193313, 23.0, 5.7823680272519145, 22.0]
[12.0, 11.577804863298125, 23.0, 2.0, 22.0]
[12.0, 2.0, 23.0, -3.927154011677472, 103.00443815959211]
[12.0, 15.529240871083106, 23.0, -3.927154011677472, 22.0]
[12.0, 2.0, 105.98015616348461, 2.0, 104.98015616348461]
[12.0, -5.602086859405634, 92.15013013623717, 2.0, 22.0]
[-6.859782731248647, 2.0, -11.741705031247506, -0.826743012487869, -11.079413424866416]
[-6.859782731248647, 7.955720862499572, -10.003854715485453, 3.9852402874998574, 22.0]
[12.0, 11.926201437499287, -11.741705031247506, 0.01475971250014263, 55.07941342486642]
[29.953078218677142, 2.0, 23.0, 2.0, 70.6383870437465]
[-5.953078218677142, 5.970480574999715, 67.66790646874679, -0.826743012487869, -11.079413424866416]
[12.0, 2.0, 23.0, 2.0, 22.0]
[12.0, 2.0, 23.0, 2.0, 22.0]
[12.0, 2.0, 23.0, 2.0, 22.0]
[12.0, 2.0, 23.0, 2.0, 22.0]
[12.0, 2.0, 23.0, 2.0, 22.0]
[30.120534444905317, 2.0, 58.06575613526446, 4.853109283030579, 22.0]
[12.0, 7.858745523196104, -10.311696128212581, 2.0, -11.38795960678005]
[12.0, -4.01127248033105, 23.0, 5.005636240165526, 22.0]
[31.035696187714993, 8.011272480331051, 58.06575613526446, 5.005636240165526, -13.065756135264458]
[-6.120534444905317, 8.011272480331051, 23.0, 5.005636240165526, -13.065756135264458]
[12.0, 14.076590738665221, -61.53613517065655, -5.744635248211126, 89.07610162232456]
[12.0, -14.102120984886962, 75.83353313843227, -4.0382953693326105, 76.99951088365933]
[12.0, 9.744635248211125, 93.44677930888047, 2.0, 92.44677930888047]
[12.0, 2.0, 107.53613517065655, 10.051060492443481, 22.0]
[40.35292538126892, -13.795695740654608, -43.92288900020837, -6.051060492443481, 80.37018857021525]
[-26.41065356491316, 2.0, -21.979338774843526, -1.7354543851584157, 22.0]
[-24.564019729602713, 2.0, 23.0, 5.735454385158416, 114.99421389400028]
[-26.41065356491316, 2.0, 110.43321903080017, 8.064840036565236, 117.01582723952203]
[-26.41065356491316, 14.129680073130473, -69.99421389400028, -7.8002944217236525, -48.75646709326108]
[60.51872029252189, 2.0, -24.00095212036527, 2.0, -67.60871852926446]
[12.0, -10.181846228433919, 23.0, 2.0, 22.0]
[12.0, 13.87275028517258, 90.50616631835913, 10.121230818955945, -77.48507753221033]
[38.394000161606826, -9.87275028517258, 112.83955107048799, 2.0, 22.0]
[12.0, 2.0, -20.142473861491304, 6.060615409477973, 22.0]
[64.78800032321365, -10.181846228433919, 77.81830802795264, 2.0, -24.69707720899669]
[12.0, 2.0, 23.0, 2.0, 22.0]
[12.0, 2.0, 23.0, 2.0, 22.0]
[12.0, 2.0, 23.0, 2.0, 22.0]
[12.0, 2.0, 23.0, 2.0, 22.0]
[12.0, 2.0, 23.0, 2.0, 22.0]
[12.0, 2.0, 23.0, 2.0, 22.0]
[12.0, 2.0, 23.0, 2.0, 22.0]
[12.0, 2.0, 23.0, 2.0, 22.0]
[12.0, 2.0, 23.0, 2.0, 22.0]
[12.0, 2.0, 23.0, 2.0, 22.0]
[-25.17725425063314, 2.0, -45.34441888255586, 2.0, 90.50088594159108]
[12.0, 14.333113355491284, 23.0, 7.853622559675211, -49.943161240365825]
[-25.17725425063314, 14.333113355491284, -48.943161240365825, -3.8536225596752107, 22.0]
[49.17725425063314, -10.333113355491284, 94.94316124036582, -4.166556677745642, -46.50088594159108]
[49.17725425063314, 2.0, 91.34441888255586, 8.166556677745643, -49.943161240365825]
[12.0, 2.0, 23.0, 2.0, 22.0]
[12.0, 2.0, 23.0, 2.0, 22.0]
[12.0, 2.0, 23.0, 2.0, 22.0]
[12.0, 2.0, 23.0, 2.0, 22.0]
[12.0, 2.0, 23.0, 2.0, 22.0]
[12.0, 2.0, 23.0, 2.0, 22.0]
[12.0, 2.0, 23.0, 2.0, 22.0]
[12.0, 2.0, 23.0, 2.0, 22.0]
[12.0, 2.0, 23.0, 2.0, 22.0]
[12.0, 2.0, 23.0, 2.0, 22.0]
[12.0, 2.0, 23.0, 2.0, 22.0]
[12.0, 2.0, 23.0, 2.0, 22.0]
[12.0, 2.0, 23.0, 2.0, 22.0]
[12.0, 2.0, 23.0, 2.0, 22.0]
[12.0, 2.0, 23.0, 2.0, 22.0]
[12.0, 8.261811656324566, -11.700068544571444, -0.9720218179603828, 56.779510549672395]
[-6.875766183816388, 8.102927646122666, 23.0, 2.0, -12.779510549672395]
[-7.829070245027793, 2.0, 23.0, -1.130905828162283, 56.779510549672395]
[12.0, 8.261811656324566, 23.0, 2.0, 56.779510549672395]
[12.0, 8.261811656324566, 23.0, 5.130905828162283, -14.527234661893303]
[31.901579667078227, 10.379612491401359, -4.494796161773014, 2.0, 64.23885052425285]
[12.0, 10.220147486346425, 23.0, -1.1423546842755092, -20.23885052425286]
[27.711773421377547, 10.220147486346425, -13.660804649880944, 5.142354684275509, 22.0]
[-3.711773421377547, 2.0, 57.8269570917492, 2.0, 65.99296557985713]
[12.0, -6.3796124914013586, 57.8269570917492, 2.0, -21.992965579857135]
[-6.944789636748624, 2.0, 57.8269570917492, 6.030341240645746, 22.0]
[-7.012775259677877, 11.30085692534122, -11.951937754929546, 4.993594132363601, 51.43389303389556]
[-11.12663024091794, -7.46089418946643, 50.59346449645566, 2.0, -13.031956386992157]
[12.0, 8.147225528852411, -21.150839550843337, 5.15363139648881, -22.492850576458586]
[-7.012775259677877, 6.20484186198508, 65.31041101340344, 2.0, -4.622272663021995]
[12.0, -4.307262792977619, 67.15083955084333, 2.0, 57.03195638699216]
[12.0, 2.0, 23.0, 2.0, 22.0]
[12.0, 2.0, 23.0, 2.0, 22.0]
[12.0, 2.0, 23.0, 2.0, 22.0]
[12.0, 2.0, 23.0, 2.0, 22.0]
[12.0, 2.0, 23.0, 2.0, 22.0]
[32.11269425275442, 2.0, -12.196399052627818, 5.175688566224383, 59.049699939284466]
[31.145754659716175, 8.351377132448766, 23.0, -1.175688566224383, 22.0]
[-8.112694252754427, -4.190220533609057, -12.196399052627818, -1.175688566224383, 22.0]
[12.0, 2.0, 58.19639905262782, 2.0, -15.049699939284466]
[12.0, 2.0, 60.049699939284466, -1.175688566224383, 59.049699939284466]
[12.0, 2.0, 23.0, 2.0, 22.0]
[12.0, 2.0, 23.0, 2.0, 22.0]
[12.0, 2.0, 23.0, 2.0, 22.0]
[12.0, 2.0, 23.0, 2.0, 22.0]
[12.0, 2.0, 23.0, 2.0, 22.0]
[12.0, 2.0, 23.0, 2.0, 22.0]
[12.0, 2.0, 23.0, 2.0, 22.0]
[12.0, 2.0, 23.0, 2.0, 22.0]
[12.0, 2.0, 23.0, 2.0, 22.0]
[12.0, 2.0, 23.0, 2.0, 22.0]
[-28.62964748347737, 2.0, -48.10023491756829, 2.0, 93.26301111548112]
[-28.62964748347737, 14.830414994782327, 94.10023491756829, 2.0, -52.844087469563576]
[12.0, 14.50486259895665, 23.0, 2.0, 93.26301111548112]
[-28.62964748347737, 14.830414994782327, 23.0, 8.089655101565487, -49.26301111548112]
[12.0, 14.50486259895665, 23.0, 2.0, 22.0]
[12.0, 2.0, 23.0, 2.0, 22.0]
[12.0, 2.0, 23.0, 2.0, 22.0]
[12.0, 2.0, 23.0, 2.0, 22.0]
[12.0, 2.0, 23.0, 2.0, 22.0]
[12.0, 2.0, 23.0, 2.0, 22.0]
[31.46203784269081, 8.29248146238844, 23.0, 2.0, 22.0]
[31.46203784269081, 2.0, 23.0, 2.0, -13.859744387400205]
[-8.44495104124453, -4.456300328814063, 60.66175191808203, -1.0643312979814108, 57.859744387400205]
[-7.462037842690808, -4.456300328814063, 60.66175191808203, -1.2281501644070314, -15.661751918082032]
[12.0, 8.29248146238844, 23.0, -1.0643312979814108, 22.0]
[59.68069036299708, -15.27048575192618, 98.55837516467705, 8.147772794673871, 97.55837516467705]
[12.0, 14.952864313944636, 23.0, 8.476432156972319, -38.446700131741636]
[12.0, -6.63524287596309, -63.890467531180306, 2.0, 22.0]
[44.38216078486159, -6.63524287596309, 23.0, 8.147772794673871, -34.831447146458714]
[-27.045447487033996, 2.0, -48.7787924982449, -4.147772794673871, 97.55837516467705]
[14.0, 0.0, 23.0, 3.0, 26.0]
[14.0, 0.0, 23.0, 3.0, 26.0]
[14.0, 0.0, 23.0, 3.0, 26.0]
[14.0, 0.0, 23.0, 3.0, 26.0]
[14.0, 0.0, 23.0, 3.0, 26.0]
[-31.611320477287165, -6.515902925326738, -49.216250040112016, -7.859838208877896, 26.0]
[-29.296683785614746, 0.0, 95.21625004011202, 3.0, -60.87870567102317]
[14.0, 0.0, 23.0, 3.0, 26.0]
[-29.296683785614746, 6.515902925326738, -49.216250040112016, 13.363844632090949, -56.58009467220296]
[57.296683785614746, 0.0, 99.01886746214528, 3.0, -56.58009467220296]
[14.0, 4.356837023600222, 71.46813286660394, 3.0, -56.82536234889284]
[-16.354766379941573, 0.0, 23.0, 3.0, -34.99571833040311]
[-31.746788747802327, 0.0, 95.43073649640516, 13.394625852487678, 26.0]
[46.676277677001664, 0.0, 23.0, 3.0, 26.0]
[14.0, 6.535255535400333, 23.0, -7.394625852487678, -34.99571833040311]
[14.0, 10.923936066836607, -70.94585017479481, -7.923936066836607, -35.17404197428499]
[14.0, -6.5543616401019635, 99.46755246785624, -7.425014994701952, -35.21963377585264]
[44.587020987142495, 0.0, 119.67515026186443, -9.609802208069274, 26.0]
[14.0, -6.5543616401019635, 23.0, -7.425014994701952, 113.39148853469285]
[14.0, 13.108723280203927, 95.6424909148239, 3.0, 91.54361640101963]
[-9.00629604102567, 7.6687653470085575, 23.0, -0.036435147314151095, 56.69792290358467]
[35.8387960344746, 2.1910758134310164, 23.0, 6.036435147314151, 58.86613720146525]
[42.41202347476765, 0.0, 72.57224589058069, -0.036435147314151095, 67.65330197073976]
[14.0, 2.1910758134310164, 61.34382673504279, 6.286613720146525, -32.063509055921934]
[14.0, 0.0, 73.39474370891338, 3.0, 79.70421894461035]
[14.0, 0.0, 23.0, 3.0, 26.0]
[14.0, 0.0, 23.0, 3.0, 26.0]
[14.0, 0.0, 23.0, 3.0, 26.0]
[14.0, 0.0, 23.0, 3.0, 26.0]
[14.0, 0.0, 23.0, 3.0, 26.0]
[-29.923676824729547, 6.61026178657248, 100.1197208433456, -7.513926760204123, 109.77596327002188]
[60.271832506007364, 6.61026178657248, 96.26203650981775, 13.513926760204123, 26.0]
[14.0, 0.0, -50.26203650981775, 13.513926760204123, -57.775963270021876]
[-32.271832506007364, 0.0, -50.26203650981775, -7.513926760204123, 114.13682382096641]
[14.0, 0.0, 23.0, -7.513926760204123, 26.0]
[14.0, 0.0, -50.26203650981775, 3.0, 26.0]
[14.0, 0.0, 23.0, 3.0, 26.0]
[14.0, 0.0, 23.0, 3.0, 26.0]
[14.0, 0.0, 23.0, 3.0, 26.0]
[14.0, 0.0, 23.0, 3.0, 26.0]
[14.0, 0.0, 23.0, 3.0, 26.0]
[37.262413156727966, 0.0, -13.83130037638795, 3.0, -18.309358393767553]
[14.0, 0.0, -13.83130037638795, 8.285706118591554, -18.309358393767553]
[-9.262413156727966, -3.323201879532567, 23.0, 3.0, 70.30935839376755]
[36.08191598045748, 0.0, -15.770688594546613, 8.538669799220944, -16.1170064949795]
[37.262413156727966, 0.0, 59.83130037638795, 8.285706118591554, 26.0]
[14.0, 0.0, 23.0, 3.0, 26.0]
[14.0, 0.0, 23.0, 3.0, 26.0]
[14.0, 0.0, 23.0, 3.0, 26.0]
[14.0, 0.0, 23.0, 3.0, 26.0]
[14.0, 0.0, 23.0, 3.0, 26.0]
[58.39833652516216, 6.681695352845082, -51.053740183478666, 14.13615892140847, -63.089271371267756]
[14.0, 0.0, -51.053740183478666, -8.13615892140847, 26.0]
[-30.398336525162158, 0.0, 23.0, 14.13615892140847, 110.68128533101141]
[58.39833652516216, -6.681695352845082, 23.0, -8.13615892140847, 115.08927137126776]
[58.39833652516216, 6.681695352845082, 100.95311244985929, 14.13615892140847, 26.0]
[-30.398336525162158, -6.681695352845082, 23.0, -7.627545147532738, -58.68128533101141]
[58.39833652516216, 6.681695352845082, -54.95311244985929, -8.13615892140847, -63.089271371267756]
[58.39833652516216, -6.681695352845082, 97.05374018347867, 3.0, -63.089271371267756]
[14.0, 0.0, 23.0, 3.0, 26.0]
[14.0, 0.0, 23.0, 3.0, 26.0]
[14.0, 0.0, 23.0, 3.0, 26.0]
[14.0, 0.0, 23.0, 3.0, 26.0]
[14.0, 0.0, 23.0, 3.0, 26.0]
[58.627450319160744, 0.0, 23.0, 3.0, 115.54900888771441]
[-33.013229666050066, 0.0, 101.3553827767501, -7.682387679488016, -63.54900888771441]
[61.013229666050066, 0.0, 97.43588813543192, -8.193626110964301, 26.0]
[-30.627450319160744, -6.716175666578581, 101.3553827767501, -8.193626110964301, 26.0]
[58.627450319160744, 0.0, 97.43588813543192, 3.0, 111.11827581491994]
[14.0, 0.0, 62.276551325994845, -2.6109359037135498, -31.254963846356233]
[14.0, 3.36656154222813, -26.655917819581198, 3.0, 55.20028432778848]
[14.0, -3.36656154222813, 74.62061031416465, -0.11029730380419966, 70.8874872297084]
[-0.5147207510862675, 0.0, 23.0, 6.1102973038042, -16.666530496701007]
[44.225341281484205, -3.36656154222813, -26.655917819581198, 3.0, 26.0]
[36.42570781439744, -3.374940581451746, 23.0, -0.3749405814517459, 26.0]
[14.0, 0.0, 52.24948503924846, -2.3679989142795046, 26.0]
[37.62458407016222, 2.249960387634497, 70.52954610777394, 7.243018720462256, 26.0]
[34.249643488710475, 3.374940581451746, 60.40472436341871, -2.6249009690862426, 26.0]
[44.374465233065706, 0.0, 23.0, 8.367998914279504, 70.99920775268994]
[-42.238962385787914, 4.510969390589264, 101.94196433531212, 12.021938781178529, 26.0]
[58.961538909314754, 6.766454085883897, 115.47487250707992, 3.0, -64.21938781178528]
[-33.365178601187274, 6.766454085883897, 23.0, 9.251388437625497, -64.21938781178528]
[14.0, -9.021938781178529, -70.03700526102146, 16.532908171767794, 116.21938781178528]
[-42.238962385787914, 11.27742347647316, 117.73035720237455, -3.251388437625498, 111.75548552687916]
[-46.89808677295507, 6.766454085883897, 97.99312769866441, -10.017842523509394, 26.0]
[14.0, 0.0, 23.0, 3.0, 26.0]
[14.0, 0.0, 23.0, 3.0, 26.0]
[14.0, 0.0, 23.0, 3.0, 26.0]
[14.0, 0.0, 23.0, 3.0, 26.0]
[14.0, 0.0, 23.0, 3.0, 26.0]
[14.0, -6.799060521381564, 23.0, 14.33176753563594, -64.65414028508752]
[-31.17820121127005, 6.799060521381564, 98.35450731493582, 13.814219870264317, 116.65414028508752]
[-31.17820121127005, -6.799060521381564, 23.0, 14.33176753563594, 112.16872718520013]
[-33.593423649670946, -6.799060521381564, 98.35450731493582, -7.814219870264317, 26.0]
[59.17820121127005, -6.799060521381564, -56.322372749451574, 3.0, -64.65414028508752]
[36.64239571695116, 2.2717005797952297, -14.766146679939979, -3.815101739385689, -2.419959995566469]
[29.901904058566608, 0.0, 75.24911333529028, -3.5557173741930965, 26.0]
[14.0, -2.2717005797952297, 60.76614667993998, -3.5557173741930965, 26.0]
[-1.9019040585666076, 2.2717005797952297, 75.24911333529028, -0.14816650450025248, 69.18601376423547]
[-16.593347746234457, 2.2717005797952297, 48.27179349106622, -2.4198670842954817, -4.6679578272356]
[-42.775209188906096, -9.107964298437317, 23.0, -3.3109963486273157, 103.41769653671719]
[-40.49821811429677, 0.0, 23.0, -3.8309732238279874, 112.57317673263401]
[-31.390253815859452, -6.830973223827987, -68.64713575705335, -3.3109963486273157, -60.57317673263401]
[54.98583934296792, 9.107964298437317, 23.0, 12.107964298437317, 137.57256265585713]
[14.0, -9.107964298437317, 23.0, 11.587987423236646, 26.0]
[14.0, 0.0, 23.0, 9.310996348627317, -51.41769653671719]
[-1.9755832344833646, 1.1411130881773832, 60.94113066642871, -0.42333926453214943, 83.07946698025557]
[-1.9755832344833646, 3.4233392645321494, 62.938958086208416, 3.0, 84.22058006843295]
[-1.9755832344833646, -1.1411130881773832, 48.3888866964775, 3.0, 26.0]
[36.747305987511325, -1.1411130881773832, 23.0, 3.0, 69.38610992212696]
[14.0, 3.4233392645321494, -14.941130666428712, -3.5860923438756434, 26.0]
[-5.3678338480639916, -4.574814065973192, -25.035547692718517, -1.5748140659731922, 83.1851758246649]
[-5.3678338480639916, -5.7185175824664904, 69.03318502680753, 8.71851758246649, 84.3288793411582]
[33.367833848063995, -3.431110549479894, 23.0, 8.71851758246649, 69.48460025478909]
[42.517461980010374, 3.431110549479894, -17.029623077265434, -2.7185175824664904, -30.041472308171606]
[-8.798944397543885, -5.7185175824664904, 23.0, 3.0, -17.48460025478908]
[-5.486545435694627, -2.2925347571405443, 23.0, -0.4388021357108167, 81.04475430169398]
[14.0, -2.2925347571405443, 72.28949727852171, 3.0, 84.45963630708388]
[14.0, 2.2925347571405443, 61.1125068493114, 3.0, 26.0]
[-16.94921922139735, -5.731336892851361, -7.088635199319498, 3.0, 26.0]
[14.0, 2.2925347571405443, -17.119358249959525, 8.469573666679867, 26.0]
[14.0, 6.892831282701635, -57.416364964852406, 12.190441710268846, 140.88052137836058]
[-31.80128646096442, 6.892831282701635, -74.07226967633004, 14.488052137836057, 143.1781318059278]
[14.0, 0.0, -73.49963795782288, -8.488052137836057, -65.90441710268846]
[50.761766841075385, 0.0, 23.0, -7.9633665982759805, 117.90441710268846]
[62.24981897891144, 9.190441710268846, 23.0, 16.78566256540327, 113.35714242650111]
[59.80128646096442, -9.190441710268846, -39.03548154431471, 3.0, 117.90441710268846]
[14.0, -13.815810542965275, -28.231856002341374, 16.815810542965274, 145.78507573853474]
[14.0, -13.815810542965275, 71.92922091184717, 3.0, 150.34229488668748]
[14.0, 6.907905271482638, 23.0, -3.38207229284963, 26.0]
[-48.17114744334374, 0.0, 23.0, 3.0, 148.03965979619326]
[14.0, 0.0, -30.534491092835587, 3.0, 26.0]
