2980-[14, 3, 25, 4, 28]-4820-2980-0.264
2875-[15, 2, 22, 4, 30]-4580-2875-0.255
3095-[11, 6, 25, 4, 30]-5260-3095-0.243
3020-[12, 6, 24, 4, 25]-5330-3020-0.262
3080-[14, 5, 22, 4, 30]-5320-3080-0.24
2875-[15, 4, 25, 4, 15]-5150-2875-0.257
2965-[13, 4, 24, 4, 28]-4920-2965-0.265
2895-[11, 6, 22, 3, 29]-5030-2895-0.234
2925-[11, 5, 23, 4, 30]-4880-2925-0.265
2930-[8, 7, 24, 4, 29]-5030-2930-0.232
2940-[10, 7, 25, 2, 27]-5170-2940-0.25
2940-[12, 6, 24, 1, 30]-5080-2940-0.256
2935-[3, 10, 25, 4, 30]-5180-2935-0.247
2960-[8, 8, 24, 4, 26]-5300-2960-0.265
2940-[8, 8, 23, 3, 30]-5200-2940-0.264
3095-[15, 4, 23, 4, 30]-5220-3095-0.263
2875-[15, 4, 22, 1, 30]-4880-2875-0.23
3040-[14, 5, 25, 3, 25]-5290-3040-0.245
3035-[15, 4, 23, 4, 27]-5190-3035-0.246
3040-[14, 5, 22, 4, 28]-5300-3040-0.26
3035-[15, 4, 25, 3, 26]-5160-3035-0.278
3035-[15, 4, 25, 2, 29]-5090-3035-0.239
3000-[14, 5, 22, 4, 26]-5280-3000-0.248
3000-[12, 6, 25, 3, 25]-5270-3000-0.272
3005-[5, 10, 25, 4, 27]-5470-3005-0.222
2960-[14, 5, 19, 4, 30]-5200-2960-0.215
2920-[12, 6, 24, 1, 29]-5070-2920-0.238
3055-[15, 4, 25, 3, 27]-5170-3055-0.238
3040-[10, 7, 25, 4, 26]-5360-3040-0.263
3055-[11, 6, 24, 4, 30]-5220-3055-0.251
