3055-[13, 5, 25, 4, 26]-5240-3055-0.25136363636363634
2925-[11, 5, 25, 3, 29]-4850-2925-0.24045454545454545
3050-[14, 4, 25, 4, 27]-5110-3050-0.23045454545454547
3080-[12, 6, 25, 3, 29]-5310-3080-0.24227272727272728
2980-[14, 3, 25, 4, 28]-4820-2980-0.2431818181818182
3040-[12, 6, 24, 3, 29]-5270-3040-0.2690909090909091
3000-[14, 5, 25, 2, 26]-5200-3000-0.2595454545454545
2975-[5, 9, 25, 4, 30]-5200-2975-0.2586363636363636
3035-[15, 4, 23, 4, 27]-5190-3035-0.24
3140-[12, 6, 25, 4, 29]-5410-3140-0.23772727272727273
3060-[12, 6, 23, 4, 29]-5330-3060-0.25136363636363634
3035-[15, 4, 23, 4, 27]-5190-3035-0.24863636363636363
3020-[10, 7, 25, 3, 28]-5280-3020-0.2131818181818182
3040-[8, 8, 25, 4, 28]-5360-3040-0.24681818181818183
2940-[12, 6, 25, 3, 22]-5240-2940-0.24909090909090909
2960-[10, 7, 24, 4, 24]-5300-2960-0.23
3095-[15, 4, 23, 4, 30]-5220-3095-0.23136363636363635
3040-[10, 7, 24, 4, 28]-5340-3040-0.25136363636363634
3080-[8, 8, 25, 4, 30]-5380-3080-0.25136363636363634
2940-[8, 8, 23, 4, 27]-5270-2940-0.24363636363636362
2980-[10, 7, 23, 4, 27]-5290-2980-0.23
2995-[13, 5, 25, 4, 23]-5210-2995-0.24863636363636363
3020-[14, 5, 24, 4, 23]-5330-3020-0.255
3040-[6, 9, 25, 4, 30]-5360-3040-0.2409090909090909
2950-[14, 4, 24, 3, 27]-4970-2950-0.22636363636363635
2885-[9, 6, 23, 4, 30]-4860-2885-0.25681818181818183
3020-[12, 6, 22, 4, 29]-5290-3020-0.2359090909090909
2960-[12, 6, 22, 4, 26]-5260-2960-0.23272727272727273
3140-[14, 5, 25, 3, 30]-5340-3140-0.2559090909090909
3160-[14, 5, 24, 4, 30]-5400-3160-0.255
