3020-[12, 6, 23, 4, 27]-5310-3020-0.252
2980-[14, 5, 22, 4, 25]-5270-2980-0.25
2930-[10, 6, 24, 3, 30]-4960-2930-0.263
2995-[13, 5, 22, 4, 29]-5150-2995-0.293
3010-[12, 5, 25, 3, 30]-5020-3010-0.278
3020-[8, 8, 25, 3, 30]-5280-3020-0.26
3140-[12, 6, 25, 4, 29]-5410-3140-0.255
2920-[12, 4, 25, 3, 30]-4720-2920-0.284
3060-[12, 6, 24, 3, 30]-5280-3060-0.244
2920-[14, 5, 24, 3, 21]-5210-2920-0.255
3040-[14, 5, 25, 3, 25]-5290-3040-0.245
2955-[11, 6, 22, 4, 29]-5130-2955-0.251
2940-[14, 3, 25, 3, 29]-4730-2940-0.253
3005-[15, 3, 24, 4, 28]-4940-3005-0.233
2955-[11, 6, 22, 4, 29]-5130-2955-0.263
2930-[10, 6, 25, 4, 25]-5050-2930-0.268
3120-[12, 6, 25, 4, 28]-5400-3120-0.221
3000-[8, 8, 25, 4, 26]-5340-3000-0.23
2920-[14, 3, 25, 3, 28]-4720-2920-0.245
2935-[11, 6, 24, 3, 27]-5090-2935-0.236
2980-[14, 5, 25, 1, 28]-5120-2980-0.242
3100-[10, 7, 25, 4, 29]-5390-3100-0.234
2940-[4, 10, 24, 4, 29]-5290-2940-0.292
2920-[14, 5, 21, 4, 24]-5220-2920-0.276
2965-[15, 3, 22, 4, 30]-4880-2965-0.269
2900-[14, 5, 22, 1, 30]-5020-2900-0.293
2960-[8, 8, 24, 3, 29]-5230-2960-0.248
3055-[13, 5, 24, 4, 28]-5220-3055-0.224
2970-[12, 5, 24, 3, 30]-4980-2970-0.258
3035-[15, 4, 25, 3, 26]-5160-3035-0.222
