89-[0, 1, 2, 1, 2, 0]-89-49
89-[0, 1, 2, 1, 2, 0]-89-49
89-[0, 1, 2, 1, 2, 0]-89-49
89-[0, 1, 2, 1, 2, 0]-89-49
89-[0, 1, 2, 1, 2, 0]-89-49
89-[0, 1, 2, 1, 2, 0]-89-49
89-[0, 1, 2, 1, 2, 0]-89-49
89-[0, 1, 2, 1, 2, 0]-89-49
89-[0, 1, 2, 1, 2, 0]-89-49
89-[0, 1, 2, 1, 2, 0]-89-49
89-[0, 1, 2, 1, 2, 0]-89-49
89-[0, 1, 2, 1, 2, 0]-89-49
89-[0, 1, 2, 1, 2, 0]-89-49
89-[0, 1, 2, 1, 2, 0]-89-49
89-[0, 1, 2, 1, 2, 0]-89-49
89-[0, 1, 2, 1, 2, 0]-89-49
89-[0, 1, 2, 1, 2, 0]-89-49
89-[0, 1, 2, 1, 2, 0]-89-49
89-[0, 1, 2, 1, 2, 0]-89-49
89-[0, 1, 2, 1, 2, 0]-89-49
89-[0, 1, 2, 1, 2, 0]-89-49
89-[0, 1, 2, 1, 2, 0]-89-49
89-[0, 1, 2, 1, 2, 0]-89-49
89-[0, 1, 2, 1, 2, 0]-89-49
89-[0, 1, 2, 1, 2, 0]-89-49
89-[0, 1, 2, 1, 2, 0]-89-49
89-[0, 1, 2, 1, 2, 0]-89-49
89-[0, 1, 2, 1, 2, 0]-89-49
89-[0, 1, 2, 1, 2, 0]-89-49
89-[0, 1, 2, 1, 2, 0]-89-49
89-[0, 1, 2, 1, 2, 0]-89-49
89-[0, 1, 2, 1, 2, 0]-89-49
89-[0, 1, 2, 1, 2, 0]-89-49
89-[0, 1, 2, 1, 2, 0]-89-49
89-[0, 1, 2, 1, 2, 0]-89-49
89-[0, 1, 2, 1, 2, 0]-89-49
89-[0, 1, 2, 1, 2, 0]-89-49
89-[0, 1, 2, 1, 2, 0]-89-49
89-[0, 1, 2, 1, 2, 0]-89-49
89-[0, 1, 2, 1, 2, 0]-89-49
89-[0, 1, 2, 1, 2, 0]-89-49
89-[0, 1, 2, 1, 2, 0]-89-49
89-[0, 1, 2, 1, 2, 0]-89-49
89-[0, 1, 2, 1, 2, 0]-89-49
89-[0, 1, 2, 1, 2, 0]-89-49
89-[0, 1, 2, 1, 2, 0]-89-49
89-[0, 1, 2, 1, 2, 0]-89-49
89-[0, 1, 2, 1, 2, 0]-89-49
89-[0, 1, 2, 1, 2, 0]-89-49
89-[0, 1, 2, 1, 2, 0]-89-49
