159-[0, 0, 3, 2, 2, 1, 2, 0, 3, 1, 3, 1]-159-102-76.01181818181819
156-[0, 2, 0, 1, 2, 1, 2, 1, 0, 4, 4, 4]-156-100-79.37545454545455
158-[4, 0, 3, 2, 2, 2, 3, 0, 0, 3, 4, 4]-158-103-73.44636363636364
160-[0, 4, 1, 2, 2, 1, 1, 4, 0, 2, 0, 4]-160-104-80.26818181818182
160-[3, 0, 3, 0, 4, 1, 3, 1, 0, 4, 4, 1]-160-103-78.61636363636363
161-[4, 0, 3, 2, 0, 2, 2, 4, 3, 3, 4, 0]-161-106-80.07272727272728
159-[4, 2, 1, 1, 1, 4, 2, 0, 0, 2, 4, 0]-159-103-77.15363636363637
158-[4, 0, 1, 1, 4, 2, 2, 1, 0, 2, 0, 4]-158-102-78.29454545454546
160-[0, 0, 0, 1, 2, 2, 2, 4, 1, 1, 4, 4]-160-104-77.52
160-[3, 0, 3, 1, 1, 2, 2, 0, 0, 2, 3, 1]-160-103-80.27181818181818
