1.396-[14, 1, 22, 1, 27]-3790-2480-0.056
1.376875-[10, 2, 22, 1, 27]-3450-2310-0.054
1.3998125-[13, 4, 23, 1, 28]-4580-2745-0.068
1.420125-[14, 0, 24, 1, 28]-3580-2490-0.018
1.404375-[12, 3, 23, 3, 26]-4300-2670-0.034
1.3935625-[13, 0, 22, 1, 27]-3330-2325-0.044
1.41675-[14, 1, 23, 3, 26]-4020-2620-0.028
1.420125-[14, 2, 23, 3, 27]-4330-2730-0.1
1.4036875-[11, 2, 23, 2, 28]-3760-2495-0.026
1.3901875000000001-[13, 1, 21, 3, 25]-3770-2455-0.036
1.3465625-[13, 4, 19, 3, 21]-4550-2565-0.096
1.3841875-[9, 3, 24, 0, 28]-3580-2375-0.054
1.4376250000000002-[14, 0, 24, 3, 28]-3780-2610-0.054
1.3872499999999999-[14, 1, 22, 0, 27]-3690-2420-0.054
1.3653125-[5, 6, 22, 3, 27]-4050-2465-0.066
1.391875-[10, 6, 23, 2, 28]-4800-2790-0.042
1.4195625-[13, 0, 23, 3, 27]-3570-2485-0.058
1.411875-[10, 0, 23, 3, 28]-3100-2310-0.06
1.3893749999999998-[10, 0, 22, 2, 27]-2950-2190-0.02
1.411375-[14, 2, 23, 2, 27]-4230-2670-0.05
1.3950624999999999-[11, 1, 23, 2, 26]-3440-2365-0.042
1.4067500000000002-[12, 0, 22, 3, 27]-3370-2380-0.06
1.3985625000000002-[13, 0, 23, 0, 28]-3280-2325-0.086
1.3949375000000002-[11, 4, 22, 3, 27]-4410-2675-0.036
1.3712499999999999-[10, 7, 21, 3, 26]-5100-2820-0.062
1.4066874999999999-[13, 5, 23, 2, 28]-4980-2895-0.07
1.3916875-[13, 1, 22, 1, 27]-3630-2415-0.024
1.4053125-[13, 2, 23, 3, 25]-4150-2625-0.044
1.3565-[2, 1, 22, 3, 26]-2060-1800-0.006
1.4092500000000001-[14, 5, 23, 3, 26]-5220-2980-0.106
1.3988125-[9, 0, 23, 2, 28]-2840-2185-0.038
1.3935625-[13, 0, 22, 1, 27]-3330-2325-0.052
1.3935625-[13, 0, 22, 1, 27]-3330-2325-0.054
1.418625-[12, 1, 23, 3, 28]-3720-2530-0.014
1.413125-[14, 4, 22, 3, 28]-4900-2890-0.1
1.4341249999999999-[14, 0, 24, 2, 29]-3690-2570-0.036
1.3896875-[13, 1, 23, 1, 25]-3650-2415-0.072
1.409125-[14, 4, 24, 0, 29]-4690-2810-0.058
1.3884375-[11, 0, 22, 2, 26]-3100-2235-0.024
1.3963125-[9, 6, 23, 3, 28]-4740-2785-0.024
1.3590625-[5, 0, 22, 1, 27]-2050-1805-0.01
1.41675-[14, 1, 23, 3, 26]-4020-2620-0.056
1.3933125-[7, 3, 23, 3, 28]-3520-2385-0.05
1.3991250000000002-[14, 4, 22, 2, 27]-4790-2810-0.08
1.3903125-[5, 0, 23, 3, 28]-2300-1985-0.008
1.3983124999999998-[13, 2, 23, 1, 27]-3970-2545-0.064
1.3844375-[13, 5, 21, 2, 27]-4890-2795-0.064
1.4066875-[9, 5, 24, 3, 28]-4480-2735-0.024
1.3900000000000001-[12, 6, 23, 2, 26]-5100-2880-0.058
1.4090625-[11, 1, 23, 3, 27]-3550-2445-0.022
1.403875-[14, 4, 24, 0, 28]-4680-2790-0.048
1.40675-[14, 1, 21, 2, 29]-3870-2540-0.044
1.415125-[14, 0, 23, 2, 27]-3630-2490-0.116
1.3979375-[13, 5, 23, 1, 28]-4880-2835-0.054
1.426625-[14, 4, 24, 2, 29]-4890-2930-0.046
1.3970625-[7, 1, 23, 3, 28]-2920-2205-0.042
1.4252500000000001-[12, 2, 24, 3, 28]-4060-2660-0.042
1.41175-[12, 0, 23, 2, 28]-3320-2380-0.032
1.3595000000000002-[2, 3, 23, 1, 29]-2530-1960-0.042
1.40125-[12, 4, 21, 3, 29]-4550-2740-0.04
1.41125-[14, 3, 23, 1, 29]-4450-2740-0.03
1.401125-[12, 1, 23, 1, 28]-3520-2410-0.016
1.3734375-[11, 6, 23, 0, 27]-4750-2715-0.068
1.369-[6, 9, 23, 2, 28]-5060-2800-0.05
1.435375-[14, 4, 24, 3, 29]-4990-2990-0.038
1.4090625-[13, 0, 23, 3, 25]-3550-2445-0.026
1.38325-[10, 5, 23, 2, 26]-4480-2660-0.05
1.4195625-[13, 0, 23, 3, 27]-3570-2485-0.018
1.3815-[12, 4, 23, 0, 27]-4310-2600-0.02
1.4235-[14, 3, 23, 3, 28]-4640-2840-0.02
1.3566250000000002-[6, 0, 21, 0, 29]-2090-1810-0.038
1.3755-[8, 0, 22, 2, 26]-2620-2040-0.022
1.39375-[14, 5, 22, 1, 28]-5000-2860-0.06
1.4001875-[13, 1, 23, 1, 27]-3670-2455-0.044
1.369-[6, 9, 23, 2, 28]-5060-2800-0.07
1.4036875-[13, 1, 23, 2, 26]-3760-2495-0.028
1.4097499999999998-[14, 1, 23, 1, 28]-3840-2540-0.022
1.412875-[14, 4, 23, 2, 28]-4840-2870-0.082
1.3971875-[11, 0, 22, 3, 26]-3200-2295-0.034
1.401-[14, 1, 23, 0, 28]-3740-2480-0.068
1.3871250000000002-[12, 1, 23, 0, 27]-3410-2330-0.032
1.4248750000000001-[14, 4, 24, 3, 27]-4970-2950-0.03
1.4057499999999998-[14, 5, 23, 2, 27]-5130-2940-0.062
1.3968125-[13, 0, 23, 1, 26]-3360-2345-0.044
1.4109375000000002-[11, 0, 23, 3, 27]-3250-2355-0.044
1.4184999999999999-[14, 1, 23, 2, 28]-3940-2600-0.04
1.3679999999999999-[2, 5, 23, 3, 28]-3320-2240-0.036
1.4176875-[13, 1, 23, 3, 27]-3870-2575-0.028
1.41875-[14, 1, 22, 3, 28]-4000-2620-0.012
1.3709375-[11, 0, 22, 0, 26]-2900-2115-0.038
1.4086875-[11, 4, 23, 3, 28]-4460-2735-0.028
1.393875-[14, 2, 23, 0, 27]-4030-2550-0.022
1.4123125-[13, 2, 23, 2, 28]-4080-2625-0.072
1.397875-[14, 0, 22, 1, 27]-3490-2390-0.014
1.394625-[6, 0, 23, 3, 28]-2460-2050-0.048
1.4027500000000002-[12, 0, 24, 0, 28]-3160-2300-0.034
1.4310625-[13, 4, 24, 3, 29]-4830-2925-0.12
1.3839375-[13, 5, 23, 0, 27]-4770-2755-0.106
1.3743125-[11, 1, 22, 0, 27]-3210-2225-0.028
1.403-[12, 0, 23, 1, 28]-3220-2320-0.028
