2665-[11, 5, 21, 3, 24]-4640-2665-0.0
2210-[10, 6, 22, 1, 4]-4420-2210-0.002
2195-[13, 5, 13, 2, 13]-4430-2195-0.0
1945-[7, 7, 12, 1, 16]-3960-1945-0.002
2125-[9, 6, 14, 3, 13]-4230-2125-0.0
2305-[7, 5, 24, 2, 16]-3940-2305-0.0
2425-[9, 6, 21, 0, 23]-4310-2425-0.002
2305-[7, 5, 24, 2, 16]-3940-2305-0.0
2290-[8, 7, 11, 2, 29]-4310-2290-0.0
2405-[9, 6, 17, 1, 27]-4290-2405-0.0
2400-[2, 9, 20, 3, 24]-4360-2400-0.004
2035-[7, 8, 12, 2, 13]-4330-2035-0.002
2310-[2, 6, 23, 3, 27]-3610-2310-0.0
2400-[8, 8, 18, 2, 16]-4760-2400-0.004
2305-[7, 5, 24, 2, 16]-3940-2305-0.0
2305-[7, 5, 24, 2, 16]-3940-2305-0.0
2460-[10, 7, 14, 2, 25]-4710-2460-0.002
2175-[11, 6, 12, 2, 16]-4400-2175-0.002
2225-[7, 5, 18, 2, 24]-3780-2225-0.0
2215-[7, 4, 24, 2, 16]-3640-2215-0.0
1965-[7, 7, 11, 2, 16]-4020-1965-0.0
2530-[12, 3, 20, 3, 25]-4170-2530-0.0
2185-[7, 5, 21, 2, 16]-3820-2185-0.0
2560-[12, 6, 15, 2, 26]-4780-2560-0.0
2225-[7, 5, 22, 2, 16]-3860-2225-0.0
2100-[10, 3, 14, 2, 25]-3510-2100-0.0
1965-[7, 7, 11, 2, 16]-4020-1965-0.0
2480-[12, 4, 21, 0, 25]-4210-2480-0.0
2140-[12, 4, 16, 1, 15]-4010-2140-0.0
2115-[7, 4, 21, 2, 17]-3530-2115-0.002
2760-[10, 7, 23, 2, 22]-5040-2760-0.0
2345-[7, 5, 24, 2, 18]-3960-2345-0.0
2235-[9, 7, 8, 3, 26]-4420-2235-0.0
1990-[8, 5, 15, 2, 15]-3730-1990-0.0
2260-[14, 5, 12, 2, 15]-4570-2260-0.0
2720-[10, 7, 21, 2, 24]-4980-2720-0.0
2165-[9, 4, 19, 2, 17]-3770-2165-0.0
2435-[13, 3, 17, 2, 26]-4120-2435-0.0
2305-[7, 5, 24, 2, 16]-3940-2305-0.0
2415-[7, 8, 24, 0, 14]-4620-2415-0.0
2665-[3, 9, 24, 3, 26]-4700-2665-0.0
2340-[2, 9, 20, 2, 24]-4260-2340-0.002
2195-[3, 8, 17, 3, 21]-4070-2195-0.002
2525-[7, 5, 24, 3, 24]-4120-2525-0.0
2240-[14, 5, 11, 2, 16]-4540-2240-0.0
2555-[7, 8, 19, 2, 25]-4730-2555-0.0
2320-[8, 6, 21, 3, 12]-4340-2320-0.0
2385-[5, 8, 24, 1, 16]-4420-2385-0.002
2190-[14, 2, 19, 0, 17]-3770-2190-0.0
2005-[7, 5, 11, 2, 27]-3530-2005-0.002
