0.6725-[8, 6, 22, 1, 24]-4300-2480-0.0
0.65034375-[13, 1, 15, 1, 21]-3290-2015-0.0
0.63371875-[5, 9, 20, 1, 16]-4560-2315-0.0
0.62984375-[11, 6, 23, 2, 2]-4700-2335-0.0
0.6654375-[10, 2, 24, 1, 15]-3410-2150-0.0
0.6402187500000001-[13, 5, 17, 3, 12]-4680-2395-0.0
0.6939375-[10, 2, 20, 3, 29]-3590-2390-0.0
0.66425-[12, 2, 12, 3, 29]-3590-2200-0.0
0.65546875-[13, 1, 16, 0, 23]-3250-2035-0.0
0.6407812500000001-[11, 5, 20, 3, 9]-4450-2325-0.0
0.65515625-[3, 3, 20, 2, 22]-2600-1825-0.0
0.66090625-[7, 7, 20, 1, 24]-4360-2425-0.0
0.6415-[10, 1, 20, 1, 12]-2920-1840-0.0
0.6490625000000001-[2, 6, 15, 3, 28]-3300-2010-0.0
0.65940625-[1, 0, 23, 1, 21]-1390-1465-0.0
0.64921875-[11, 0, 18, 1, 17]-2750-1835-0.0
0.6835625-[14, 2, 18, 3, 25]-4110-2490-0.0
0.640375-[4, 6, 14, 1, 28]-3380-1980-0.0
0.65815625-[7, 3, 23, 2, 15]-3290-2065-0.0
0.61434375-[1, 5, 24, 1, 4]-2760-1615-0.0
0.65575-[8, 8, 15, 2, 28]-4760-2520-0.0
0.64484375-[13, 5, 15, 0, 22]-4400-2335-0.0
0.63934375-[9, 5, 18, 2, 15]-4010-2175-0.0
0.66953125-[1, 6, 23, 1, 27]-3250-2125-0.0
0.68178125-[3, 3, 24, 0, 29]-2630-2005-0.0
0.69896875-[11, 4, 24, 2, 26]-4380-2675-0.0
0.6347499999999999-[8, 6, 16, 0, 21]-3930-2120-0.0
0.661625-[14, 5, 17, 2, 21]-4830-2580-0.0
0.6601250000000001-[14, 1, 24, 0, 11]-3610-2180-0.0
0.65990625-[5, 4, 16, 2, 29]-3130-2025-0.0
0.6543749999999999-[8, 0, 23, 0, 15]-2350-1740-0.0
0.6253437500000001-[7, 4, 19, 1, 11]-3290-1855-0.0
0.627875-[8, 8, 21, 3, 6]-4880-2380-0.0
0.632625-[4, 4, 21, 1, 13]-2910-1780-0.0
0.67503125-[9, 2, 21, 3, 21]-3390-2205-0.0
0.66909375-[5, 1, 21, 1, 25]-2290-1815-0.0
0.62878125-[3, 5, 20, 0, 16]-2940-1765-0.0
0.65740625-[3, 1, 24, 0, 19]-1930-1625-0.0
0.6353437500000001-[13, 5, 14, 3, 15]-4590-2335-0.0
0.6448437499999999-[7, 8, 22, 1, 15]-4650-2415-0.0
0.62703125-[13, 2, 5, 2, 27]-3350-1885-0.0
0.63971875-[7, 6, 15, 2, 22]-3940-2155-0.0
0.683125-[12, 2, 22, 3, 20]-3900-2420-0.0
0.6622187500000001-[11, 2, 18, 2, 21]-3490-2155-0.0
0.6468437499999999-[9, 7, 20, 1, 17]-4610-2415-0.0
0.678375-[12, 2, 18, 1, 28]-3620-2300-0.0
0.6487499999999999-[14, 5, 15, 1, 21]-4650-2440-0.0
0.6775625000000001-[4, 9, 23, 2, 27]-4730-2650-0.0
0.6371249999999999-[10, 1, 20, 0, 12]-2820-1780-0.0
0.67753125-[13, 4, 20, 3, 21]-4590-2605-0.0
0.63559375-[5, 7, 13, 3, 24]-3960-2135-0.0
0.6386875-[0, 3, 16, 0, 28]-1820-1470-0.0
0.6548750000000001-[14, 5, 15, 0, 25]-4590-2460-0.0
0.66690625-[13, 0, 16, 0, 27]-2990-2025-0.0
0.634-[0, 2, 12, 2, 29]-1570-1360-0.0
0.6495625-[8, 7, 23, 1, 14]-4540-2410-0.0
0.6795-[2, 5, 24, 1, 28]-3160-2160-0.0
0.6581875-[8, 7, 24, 2, 14]-4680-2510-0.0
0.67325-[8, 4, 24, 3, 17]-3910-2360-0.0
0.68690625-[13, 4, 22, 2, 23]-4590-2665-0.0
0.6780937499999999-[5, 5, 24, 1, 25]-3610-2295-0.0
0.6276875-[6, 2, 19, 1, 12]-2540-1630-0.0
0.6703125000000001-[14, 0, 20, 0, 21]-3250-2130-0.0
0.6260625-[0, 5, 11, 3, 27]-2510-1610-0.0
0.657625-[6, 5, 16, 3, 26]-3660-2180-0.0
0.62571875-[1, 3, 18, 3, 14]-2220-1515-0.0
0.68796875-[7, 0, 24, 3, 22]-2600-2035-0.0
0.65790625-[9, 4, 17, 1, 25]-3670-2185-0.0
0.6249374999999999-[14, 0, 5, 0, 28]-2720-1670-0.0
0.60840625-[9, 4, 7, 3, 19]-3410-1785-0.0
0.6938124999999999-[10, 2, 21, 2, 29]-3530-2370-0.0
0.6900625-[14, 0, 23, 1, 22]-3480-2330-0.0
0.6176875-[8, 7, 19, 3, 5]-4490-2190-0.0
0.67315625-[13, 0, 22, 1, 18]-3240-2145-0.0
0.62884375-[5, 9, 17, 1, 19]-4470-2255-0.0
0.70475-[12, 2, 24, 3, 25]-4030-2600-0.0
0.6711875-[4, 1, 22, 1, 25]-2170-1790-0.0
0.6624062500000001-[13, 0, 24, 2, 9]-3330-2105-0.0
0.601125-[0, 2, 16, 2, 10]-1540-1140-0.0
0.675-[14, 3, 23, 3, 14]-4500-2560-0.0
0.66528125-[1, 0, 18, 3, 28]-1460-1525-0.0
0.6758124999999999-[4, 3, 19, 3, 29]-2890-2050-0.0
0.59096875-[9, 3, 7, 3, 12]-3040-1555-0.0
0.63209375-[13, 3, 13, 1, 18]-3780-2055-0.0
0.63271875-[7, 8, 14, 3, 20]-4580-2315-0.0
0.62225-[14, 3, 4, 1, 28]-3680-1960-0.0
0.5757187500000001-[9, 7, 1, 2, 19]-3970-1755-0.0
0.66965625-[11, 5, 20, 0, 25]-4310-2465-0.0
0.69471875-[11, 2, 24, 3, 22]-3840-2475-0.0
0.671875-[10, 3, 21, 2, 21]-3750-2300-0.0
0.62596875-[9, 3, 14, 3, 14]-3340-1875-0.0
0.66396875-[5, 9, 23, 2, 21]-4830-2595-0.0
0.6483749999999999-[0, 8, 20, 3, 22]-3720-2140-0.0
0.67615625-[9, 6, 24, 3, 18]-4680-2625-0.0
0.67234375-[7, 8, 19, 3, 27]-4850-2655-0.0
0.6681250000000001-[14, 1, 16, 3, 22]-3700-2260-0.0
0.6211875-[2, 6, 21, 1, 11]-3170-1790-0.0
0.62478125-[13, 4, 22, 1, 1]-4270-2165-0.0
0.6445000000000001-[10, 7, 14, 1, 25]-4610-2400-0.0
0.63565625-[11, 3, 20, 2, 8]-3740-2065-0.0
