[[-396.7569666589825, 130.09923114925533], [-19.631461153920753, 93.17345540607964], [-134.37399017276866, 185.18144221522232], [-12.795731254361487, 15.571006006556086], [-73.66135459910315, 243.00514616890746]]
[[-54.00112984176537, 94.98246485215978], [-77.70168266666408, 1026.727356935793], [-488.5467667854123, 100.6116136584122], [-47.75223051842162, 125.14423197949667], [-49.48841021876171, 199.76735718497116]]
[[-223.17021065260428, 65.53536541972989], [-47.43425364205798, 69.66562780730501], [-1980.8822267956766, 200.36672841343173], [-11.061085214261809, 26.290672527697495], [-481.715647832737, 194.2751132654151]]
[[-198.8199482222604, 35.3015180704571], [-119.24369716484861, 36.14236790458712], [-59.74893377201674, 260.9576735640246], [-5.779945072861079, 33.99346437899402], [-654.5454176932463, 65.46010300113593]]
[[-80.41933127790166, 174.10162153840238], [-25.989090667605623, 144.6218753499329], [-125.99557445875156, 316.80567679176846], [-58.554838349718175, 21.284542594242986], [-2859.1568145287874, 118.89875856152597]]
[[-77.77259011372995, 206.6337831864416], [-10.754077644568008, 106.35908980683949], [-96.37840495799749, 524.8600934392523], [-374.9866627670841, 40.589670313567574], [-276.9269573797533, 123.93794249213785]]
[[-74.91874418618274, 178.4181025307412], [-96.6170617347334, 213.9668990344132], [-51.63193035534711, 324.0453469890345], [-12.646828043396244, 25.26081959378675], [-61.277624333091694, 1317.3895993747117]]
[[-5213.096084285487, 657.5687507650629], [-175.3787578581189, 40.66310436452048], [-403.0308774737838, 429.0821270121149], [-26.3372927144987, 18.52589237970416], [-320.77529878799965, 1609.1414909194943]]
[[-190.0667240034938, 108.99534231771344], [-312.89550348795314, 191.4670876291209], [-169.03559568325295, 740.5180813555696], [-49.071587415784585, 7.285931364917895], [-286.0297641421223, 78.3135503375975]]
[[-69.6196132546351, 119.99014281100082], [-39.478064414373115, 43.358797997992454], [-971.706994391944, 622.7240069890594], [-5.761473694008529, 34.26141531608934], [-1244.7839209849901, 204.85561438150185]]
[[-28.47137797452517, 129.08589310010842], [-162.2366008736196, 72.03018950103638], [-145.31825833398042, 20540.6041165396], [-11.566328129486754, 34.779490617718466], [-52.7953653299445, 1023.4632590218994]]
[[-47.94195134563739, 254.23443340027012], [-55.01482638963689, 32.5254276857057], [-152.65932427586765, 8581.06003916053], [-5.8600321882848165, 53.648889761641385], [-147.2586326278989, 98.81916631467988]]
[[-94.60732799231039, 67.5519713433574], [-93.76928837094835, 18.591099328660093], [-1205.3953726393531, 116.54454470048856], [-21.94343947848402, 26.091270255627204], [-456.67238095275246, 100.89816578106402]]
[[-279.7634477619148, 1526.9839610481629], [-509.69961376746886, 55.026003329673834], [-1197.514526423886, 153.7814894276634], [-23.349700683888884, 130.49373058336985], [-723.1834114364493, 93.35808524344964]]
[[-168.4789155546094, 2077.9674009271503], [-299.4667815404757, 51.6284819354657], [-46.12199453329274, 199.76657185086935], [-59.323852860377684, 23.101080581485107], [-57.5540154218085, 146.69325805139425]]
[[-147.22370446177803, 40.32018460370225], [-72.40960626107423, 46.37233055726166], [-2006.2058839153406, 251.12989229819374], [-34.03628678673882, 15.07163558052862], [-190.44418682309774, 194.4286594029429]]
[[-22.195917880648267, 352.5150035057914], [-82.06432921187718, 24.45310885655005], [-312.50210133624785, 152.97217948652337], [-7.075190586446347, 15.140975522944323], [-60.72163630727346, 118.60114995998573]]
[[-519.7809317197577, 39.45190167611467], [-21.462382335078143, 137.23104456922547], [-42.6361456420541, 86.88059211815111], [-123.45408321426166, 718.8423085189891], [-2482.633754675065, 225.73608431617274]]
[[-1456.7492155756083, 9652.208186050446], [-84.21703449882673, 33.27127416442701], [-385.3871291318692, 329.38508311264616], [-3343.1306332031327, 44.294362811183134], [-759.2985358147948, 1252.0034731512353]]
[[-200.42048785508052, 91.96867082440382], [-157.5340959451305, 58.964763609756325], [-174.86441722508164, 105.69256440436916], [-17.037957358441105, 20.01314631529791], [-198.9486455624114, 311.8801860063034]]
[[-31.491374969385763, 302.9284241470829], [-31.21841144240435, 44.56748085052595], [-1618.4206202879272, 623.6976199864106], [-469.82358773506695, 13.621861104310916], [-459.58493862976303, 3131.0288881425963]]
[[-21.586041451572864, 139.2768985744678], [-14.844345600938114, 54.80779495383453], [-190.85333399536844, 112.299496164223], [-16.600854052149966, 5.325543255883652], [-238.7693300236681, 431.04341417969283]]
[[-478.3602817565606, 69.03039697145239], [-16.62806167665003, 24.845504823115085], [-668.4120108824424, 674.712194477498], [-13.901610523392035, 37.053590617611995], [-60.25865115208846, 116.78391077866436]]
[[-137.70197366657655, 478.2698812020794], [-136.12545027991806, 35.92235762126409], [-33.847613281803135, 331.91057637428753], [-5.905826741964191, 44.038040564496825], [-60.86042102933554, 561.31226085256]]
[[-189.3164431627549, 1365.580543359707], [-19.773442201740508, 69.2468447460829], [-236.27331735903115, 255.55107995961248], [-61.605064140991175, 11.247143945174479], [-172.41922958039686, 304.5875662821524]]
[[-89.38108331337895, 114.24378668953648], [-77.282897675988, 113.75599476780964], [-91.08610471730023, 617.8763300300004], [-8.974130388007977, 137.90343290688358], [-63.72853959914262, 463.16421752809794]]
[[-70.15829356660839, 39.36459033580822], [-30.35866605215324, 90.60777151016529], [-315.5583812970949, 116.25929334101534], [-14.736502003874348, 54.89329448332909], [-962.4205158871054, 1808.8136915862644]]
[[-53.40584778260003, 380.2710371534136], [-68.09341988640382, 137.89230670786924], [-321.1124892484422, 68.53552576698408], [-6.228105676347969, 61.46585665227042], [-4518.970639734028, 469.0671556963381]]
[[-114.53645476281214, 5666.72416324856], [-1552.7368069345093, 31.965026047970355], [-55.10242663446518, 35.945347076916434], [-28.045248624273157, 14.348252237170207], [-135.15031978634946, 12506.30012548723]]
[[-1630.7741509856971, 49.675098221968895], [-1253.6499289041187, 44.52512776145647], [-249.73119848682222, 615.6143790819335], [-21.72498539035225, 6.139844574304593], [-258.9947970005404, 390.36267351337887]]
[[-251.915866062277, 1506.2422915875081], [-22.532730807749367, 1223.600994227069], [-328.1558156826121, 1552.757550869866], [-63.74342717465687, 461.0257810207439], [-56.736901665270196, 101.07933332426295]]
[[-289.85872095042174, 257.53715281899673], [-765.2535826002047, 217.06081421295355], [-140.5437439168865, 896.0212630439895], [-15.14998597969771, 79.88861468087023], [-48.388912298888734, 1577.0135641799168]]
[[-41.782911346050675, 845.1270834373761], [-36.70604680438399, 61.52878393932508], [-354.7443519552363, 10997.132222214786], [-33.65467169987126, 10.083182776833349], [-176.0860076172066, 138.57012583412512]]
[[-863.4991832997109, 2042.12629057761], [-85.75224280375959, 93.3765997969749], [-244.30878820870552, 5548.848506002093], [-14.754335613285285, 251.4532842786564], [-3000.7016425767933, 184.42433913365159]]
[[-105.8919992863925, 84.9499062371247], [-24.27300059055077, 41.90849797775757], [-151.83742280553182, 5838.4846685277635], [-21.906727991014836, 34.93492109680843], [-561.9452629339684, 223.74338241330594]]
[[-203.17464748766272, 41.33568946401786], [-21.07239599290953, 37.26506259588938], [-539.9302154432713, 74.52588172414966], [-34.467712722537755, 6.715126110594206], [-125.69044558209126, 14537.977960290293]]
[[-23.96289806284511, 63.75821382428531], [-72.69516236117337, 26.335383923763253], [-52.66803306902181, 145.0013701531051], [-13.22870345651047, 62.70882601228097], [-568.8686462628685, 3207.1934281679446]]
[[-98.01100022731096, 96.21192813927092], [-98.84063056200404, 78.84715262981044], [-59.48347739822356, 86.06914890930305], [-19.295903311530626, 456.856545018139], [-98.33712193448818, 1516.2585985375063]]
[[-663.9865636540824, 559.7823684474719], [-54.660025854776016, 32.234292821623114], [-390.8022395723488, 273.2008823990795], [-8.735861793098119, 19.51617676712747], [-103.80634434889461, 113.20729880434997]]
[[-51.97552407335204, 81.06845093474855], [-17.983065496014152, 84.8092703579979], [-76.10263157951721, 248.51383964586861], [-15.90524807773371, 11.47329112823329], [-157.61770817273717, 394.853566718605]]
[[-38.32953875850525, 273.91360825044785], [-5634.341171399834, 179.19453945727298], [-241.33621504871073, 250.4545451569304], [-107.99769361048659, 13.465533366556196], [-505.3956920122949, 1036.389399042677]]
[[-20.908500811815248, 251.360155834952], [-72.87619859874442, 35.24879727039389], [-30.268073283977582, 515.4529888508696], [-13.348300125749468, 13.74383738221716], [-53.06746973580956, 155.64928340429248]]
[[-174.19395106114524, 5791.695895453981], [-36.48350337977498, 211.93131208714934], [-6779.860406694237, 167.56097046387757], [-30.7237184001219, 96.62970365553282], [-134.85564730891133, 502.64204387329175]]
[[-465.34929134525214, 185.58511243389512], [-976.0702886845045, 106.28315403858822], [-206.11330495532195, 92.49621797528], [-57.462592367516706, 10.77827834284851], [-34530.095477859395, 627.4402635849768]]
[[-35.65279087901253, 42.31168202563994], [-683.5882062655328, 28.680385443653407], [-114.72490777759931, 380.62330107110455], [-18.607580343855737, 36.267578039905494], [-1572.9555906806409, 127.90338320513585]]
[[-109.94557715367188, 727.9893442851595], [-40.10630021401958, 39.95344117217527], [-36.27478698182109, 1291.685824549325], [-9.130651210718986, 17.613347632004086], [-87.59058831340472, 219.92426000173884]]
[[-106.86805541171613, 107.72580188622909], [-1557.9110686977392, 83.53309178316728], [-36.02870875615221, 323.7441214026214], [-117.30859742042452, 28.96678770020072], [-51.713466625733226, 185.34663679116997]]
[[-23.453479230439104, 42.94107941576146], [-52.316254691508874, 64.71800366248877], [-152.2592256994236, 474.0437711183604], [-124.93177448693088, 524.1519726745234], [-1026.428428067873, 1585.7071739540538]]
[[-80.12929866495281, 59.507192510661895], [-17.14085126317957, 49.00709929583226], [-230.70873768264244, 77.26658598053227], [-56.47147341515058, 13.072693509486337], [-54.73063261616182, 175.5152006179944]]
[[-286.46261188955265, 210.74930298222392], [-19.09095017135384, 12.861271069343811], [-43.30168635599064, 178.40998040904424], [-10.448175249761462, 10.180749346102035], [-664.8014595767048, 426.59309075367696]]
[[-19.942965094550964, 29.363269497673574], [-238.94391349253416, 47.71856733150825], [-307.92695497360796, 445.9753087644604], [-40.10661977290585, 10.267537223157113], [-433.9256984327906, 1674.40736673731]]
[[-85.92343026508316, 87.47501664373414], [-20.62453549582768, 203.0660737550618], [-59.611171151837254, 624.6617380262576], [-7.875785915832272, 18.266737379458757], [-252.44553926808936, 99.92791412456609]]
[[-49.6468257828989, 254.7622716760226], [-166.8287579490366, 33.897140478781], [-452.3981218293056, 454.98976853819653], [-13.319263779432319, 163.98222309811896], [-110.1985449973312, 1302.2724919851012]]
[[-520.5114224869466, 62.09338621654242], [-17.219658051449574, 87.47288890010283], [-617.8236506911037, 135.42990782220645], [-110.11560644302828, 17.54078873334238], [-44.46824294330906, 102.33222185711057]]
[[-20.38993193992096, 75.97928608526482], [-370.1471504143166, 262.97495629745083], [-378.0604044306151, 186.452236104129], [-5.663778603191734, 26.125551789347693], [-81.7930316399991, 1839.5533683321732]]
[[-196.7945066315867, 52.0678892308131], [-142.37387161944596, 60.051012942865384], [-2601.8306444174254, 89.96032836100487], [-7.44185296916038, 128.50623043301687], [-206.27785762336362, 257.91553239949076]]
[[-105.86140112187749, 2445.698185004198], [-13.294485499600004, 38.714284080694846], [-1580.5456250910395, 658.1605906904778], [-40.82779272953534, 208.02400230035596], [-191.60697293178055, 679.2421331478711]]
[[-305.6195312986427, 224.19937855276478], [-74.80431596045162, 62.38992808739074], [-135.20498686107345, 436.58722041826013], [-31.799543062276484, 15.513212985451883], [-2187.6863907570196, 481.5787532478138]]
[[-712.5354340897123, 1134.2979397059191], [-48.874369135932, 201.49240153190328], [-1032.3068423144807, 1271.588155149962], [-91.71865723471332, 24.541414969560346], [-198.13210023329682, 482.39201184902504]]
[[-880.8861801412188, 56.10142209348353], [-34.49292658010919, 249.063601969895], [-969.3113673950153, 212.64328276730413], [-9.398672226120837, 19.90823840018416], [-778.3746493501872, 10446.700716458075]]
[[-272.7505949170979, 127.83330957995047], [-29.60691240647379, 16.809576549869234], [-572.7131353783479, 71.6598022823189], [-69.64773053614925, 84.98983067894942], [-389.3480394746072, 394.2506361547787]]
[[-22.439351008637804, 2511.160914802991], [-34.865918124068415, 104.65585662371286], [-63.28163261467496, 124.09953982567265], [-15.374474198111468, 19.2835328457264], [-72.45819180721331, 124.1064258584481]]
[[-23.863029448835444, 49.950727441650834], [-388.19918377893487, 45.10539427087109], [-864.2363919568637, 71.44447431983338], [-6.762490963640975, 152.8344421795118], [-253.66067699426887, 236.18607573163118]]
[[-108.25508890864424, 74.96444145229393], [-435.63644157810904, 126.80353194030931], [-75.55043600221185, 83.83783773325422], [-6.476359368115755, 20.40476028573595], [-758.9319824385931, 344.64283521182483]]
[[-44.48100691427745, 70.90611512274326], [-23.198664798917573, 23.721893129211576], [-40.94658814173558, 257.38463702245315], [-33.43819594063197, 25.4363960141423], [-6591.053056633874, 99.105575115574]]
[[-66.096764425587, 47.27679985238089], [-212.9308065481409, 56.284730957927216], [-1260.1278921909584, 130.03655044376677], [-5.3379704165460025, 139.6366271074825], [-46.08601833224845, 585.0276886837383]]
[[-94.18581521506985, 184.03905015157056], [-96.5438629787273, 21.986493082248533], [-56.81909763440939, 63.07860695314743], [-25.344344050319155, 8.670624710237211], [-2933.998854311798, 207.10195349555153]]
[[-88.01171143771111, 124.85749973675613], [-61.547167464117805, 225.85242948821747], [-315.04465104329523, 86.6269149545901], [-11.697762563677912, 18.84759243802803], [-186.91789510886036, 4841.582510215229]]
[[-39.222075214314984, 50.28549505794662], [-2733.6762112833085, 141.3776559096338], [-184.46411790037325, 147.89100939868865], [-90.00157767188294, 19.76162836374566], [-111.79793982693133, 179.1539993591807]]
[[-86.87873042397888, 16075.139540718703], [-167.469595464568, 413.89624854400034], [-79.93416310390543, 293.21789895815607], [-45.43427017014468, 42.15642719555276], [-684.6335239594658, 204.08137073406897]]
[[-697.8310095124432, 159.37706510226056], [-53.92510612166498, 54.455356215159746], [-555.2620545780572, 224.81981364985884], [-25.70083912906607, 246.28509826546875], [-52.20421805922451, 119.83227513601788]]
[[-62.843412912970145, 149.19842279245583], [-60.26455443551282, 21.591263272431828], [-43.23010237654434, 215.76298607662488], [-21.424476560332394, 27.705653313251904], [-498.29478698339693, 464.7962948989281]]
[[-150.77454606877362, 131.92705540675573], [-1149.0866451597676, 539.1181759058856], [-363.8652280811175, 123.90355017201863], [-11.529758797645801, 14.709278219452182], [-61.65561703374451, 21682.980372152164]]
[[-90.79813453775989, 99.83537004582537], [-48.35896745843148, 64.21221397265937], [-223.20395466842487, 113.48659701344685], [-29.409196507778127, 28.175301927456967], [-697.2755949715443, 229.50296117222157]]
[[-280.0190010932224, 698.0588800871118], [-25.527982259340284, 202.49551516433343], [-851.7580931326885, 308.7733560253455], [-64.89343013235201, 21.181648395665874], [-144.37251651361916, 528.3840384809405]]
[[-124.6578166059992, 91.02533442146168], [-18.730493811777322, 58.24711471892405], [-53.37420919296109, 98.47553552504269], [-172.00721846561848, 48.829980156036314], [-125.53335918222149, 118.49660311555172]]
[[-25.71315234824731, 273.313128304189], [-20.229180990986457, 60.94890584930453], [-511.0435454562847, 126.65748670659923], [-11.243454523318947, 31.78977428610357], [-1960.8413323728123, 540.5632658842306]]
[[-22.900179331450445, 59.768093064774725], [-42.95538235869505, 21.35395959896279], [-248.24566054656282, 41.660085478087986], [-3.461850480786359, 11.376530772934391], [-31.970668353086396, 105.81506566316554]]
[[-57.90923426204337, 289.3862129958315], [-821.8110336574118, 205.33472574238868], [-99.70087409490763, 100.24100384387211], [-5.922423831875991, 17.855675187081232], [-1105.3358159685506, 540.1972269931813]]
[[-249.31825208572948, 107.09688941585907], [-201.8110179930929, 60.65519666034663], [-32.746201356921986, 330.2463293475169], [-20.362060789431197, 6.374554196227533], [-170.31292676947615, 434.8274629423319]]
[[-22.386809100021026, 45.72591830611519], [-3932.074362741156, 53.10402922260863], [-191.43706281528992, 431.3675046352169], [-360.8076904018223, 38.27874785621723], [-358.852459222556, 210.88686037123298]]
[[-21.617117012238946, 60.021494105312534], [-11.836560337870038, 53.01558718292035], [-84.416566142132, 1895.014269876947], [-23.075511815141674, 12.034139522829891], [-209.33772461903888, 52.91549426270994]]
[[-62.462934868082954, 167.1736996539707], [-53.350981665548005, 3649.4267264944942], [-708.2939583735864, 789.3747780838527], [-27.620947454334274, 369.78539420809807], [-97.71377800963553, 72.48058345634792]]
[[-263.8212650479221, 54.568078838056806], [-1760.8005446533627, 2589.2993243402257], [-311.05475525850323, 260.9566964452642], [-47.41740378003127, 69.65209655154989], [-737668.0582776575, 141.06654377904758]]
[[-766.5317926107625, 314.4441254202475], [-2544.6063217305755, 110.44007950387056], [-2976.864932536015, 86.1943052387446], [-12.818533370813023, 148.17836752039884], [-60.72101551126835, 1592.4223308881096]]
[[-68.69047503448932, 37.995222159453], [-55.810423412026616, 735.7547798984999], [-1778.424388771495, 582.7670485786491], [-23.189714388921196, 204.82395182981608], [-140.62217448904676, 1793.7985890563027]]
[[-176.27556342594332, 69.39927530916887], [-10.559240827184578, 1795.890973957937], [-144.0434091869542, 102.32108594079949], [-84.52034461566083, 13.92061771032186], [-227.49614701862328, 99.12171637460783]]
[[-431.2719767274213, 94.43340911270171], [-180.34091921420816, 152.63800544730012], [-398.57624446228317, 107.67461748139644], [-39.336915028550315, 42.65556454830226], [-49.14463977003131, 1358.7732772490924]]
[[-28.309588375678366, 1657.3152141492794], [-29.09836928549243, 6272.681958183024], [-174.15480712947266, 1231.8249944421138], [-96.40084729687347, 66.86475865425012], [-226.09710791071961, 116.97962696748758]]
[[-18.972771639774194, 660.5247197283733], [-33.47168183429217, 114.66081677918633], [-114.40601312812848, 619.9804160777029], [-54.36466740890297, 52.32951581832592], [-1432.9010665179376, 323.4738712304097]]
[[-514.9878790312745, 52.97908550633265], [-1434.7926325558537, 22.58350386345071], [-68410.89095153399, 765.9728853012509], [-18764.403531075353, 143.84149659335083], [-61.56157361998553, 4844.984075201761]]
[[-54.21491707222522, 50.682999110959074], [-48.495839574412386, 25.6979109282074], [-177.01243758263317, 832.022153069135], [-77.46614186597444, 180.5155332690847], [-321.86028600622666, 1238.5422963192284]]
[[-42.095015659760044, 41.03892111787284], [-15.688277081551622, 116.74365074191826], [-829.4282377544628, 101.65672167142542], [-8.030475413321284, 13.669004493311638], [-92.27640513458442, 58.685752353160126]]
[[-283.830621837378, 647.1771354073345], [-18.263859660038552, 54.93188537884827], [-70.1640684204973, 283.5916229426007], [-51.79326933584091, 13.07463458746317], [-157.56158797865154, 400.84625443406105]]
[[-53.18111403988449, 67.06350936698952], [-8339.638555630832, 608.4564662659587], [-490.72713119907297, 96.47209156315925], [-163.17903762397677, 25.29453236787028], [-371.7490977018639, 398.1987904478328]]
[[-555.0897314482497, 3941.2083129971656], [-20.766752611971675, 16.007909239199556], [-1312.242167697313, 100.33419734981219], [-24.464627742398278, 94.42944589104513], [-831.8381166114688, 833.8359452772916]]
[[-808.1492360785086, 54.411950318263465], [-17.807954430099596, 91.99061908240512], [-77.31638944830004, 168.86806278031813], [-16.044802649460568, 45.15683178567553], [-158.01600800553356, 233.35784966290373]]
[[-436.8074173978463, 56.133048029233215], [-21.09030848820886, 80.67568541256048], [-389.8792122565096, 299.2112588457713], [-170.2705897881817, 18.902686186859665], [-112.71448661688532, 194.34651366197664]]
[[-24.108274751070493, 256.33534155717365], [-76.48354338320031, 55.78380930669699], [-54.582062919097105, 173.06038991009024], [-4.225920260258677, 11.247751415222531], [-1512.6534803064526, 112.94185834020091]]
[[-81.96210897933854, 66.72000389353617], [-136.33057139687915, 108.63346497665216], [-2570.8959617745027, 238.28703831396305], [-353.46524562375106, 30.68199334809019], [-143.65290975274846, 161.62663659251393]]
[[-66.66134967043251, 62.33484681150064], [-99.78062032036743, 10.243332335021558], [-724.4445451119236, 1187.4688283468133], [-22.4247371905153, 10.751532862320715], [-152.65368189780278, 102.8337607444871]]
[[-35.12281783508796, 121.53187146405456], [-29.67072863340494, 206.362984148521], [-164.27674190915855, 340.8661813013694], [-5.785573383281127, 10.618631298987008], [-249.10989537951443, 448.1572063031517]]
[[-127.87489521184942, 392.3834864001801], [-137.87226129634828, 77.80726645599674], [-170.81566733007676, 246.5133374328086], [-5.298494549389611, 31.324704256313346], [-174.30805321950038, 1061.7353981794768]]
[[-34.16184302251932, 39.63781804402969], [-13.685310623108542, 1201.7259356003487], [-78.92800347977962, 236.71709004964015], [-223.50079511431287, 35.5496246691105], [-119.2011972164826, 89.24248408475569]]
[[-928.7290836442601, 1028.344601759133], [-42.97264252523995, 28.288122052375098], [-383.4606577274167, 322.74217560773684], [-75.49657633014027, 5.467520379974995], [-2612.012133121983, 255.94231825986546]]
[[-32.605964444736685, 61.600224455788236], [-229.5753007660707, 2641.7697234134325], [-69.91188209541097, 242.40889237752103], [-5.796552279513783, 40.376408499283876], [-263.18936894691956, 969.8365214687725]]
[[-138.111729214992, 367.30235940139033], [-261.78410156734674, 946.2517590712281], [-93.44547520199998, 1140.3045355699214], [-17.56183420164034, 45.9790899031992], [-283.81169058639216, 1526.446796337665]]
[[-26.112872581506732, 112.94591131385877], [-22.833794721353357, 81.40001457573138], [-418.3215807709698, 84.16222491612969], [-5.113178713014907, 7.369573260650745], [-493.8156864120048, 1037.7924279221388]]
[[-19.24827556202011, 56.88752971819782], [-44.13767146370295, 36.32639897480127], [-33.250571986780216, 288.84167441374655], [-87694.8276526354, 8.557729013214352], [-101.74232677991851, 46.67829220393294]]
[[-50.257093616972476, 45.98557245650076], [-877.3059169450129, 331.24343329212303], [-41.7180580283169, 221.3653367600962], [-48.572683179398815, 13.900686706475199], [-1396.3429983051817, 939.9935460388654]]
[[-124.09727813175103, 50.49767955306669], [-77.08580300120919, 40.22182285124071], [-220.54691011406294, 358.4792737610847], [-1190.7320501447086, 18.400958196380568], [-197.53447808067753, 163.58207660282775]]
[[-675.5071228007447, 165.3860546202091], [-63.61110921668745, 123.37953304978572], [-45.64908645380059, 6164.240556678384], [-63.15528160455894, 52.31906728343698], [-188.44207647488037, 83.64902138749135]]
[[-879.6742863733822, 131.98117084723606], [-44.078238757890944, 17.00773822747738], [-131.5558413098109, 133.03210821472385], [-49.529433642829865, 65.81359922509468], [-374.9224122206322, 143.93339891901317]]
[[-227.41788453968596, 99.6668868291113], [-147.00054626745947, 33.97467998762039], [-71.64298156524465, 362.2838577658598], [-6.538441622812819, 8.389268538063028], [-68.17509610490004, 69.90903049404014]]
[[-417.0924482043969, 729.0189264696596], [-156.77435844121473, 76.07358549216812], [-203.9838083384965, 281.5394193303546], [-61.40742692448248, 18.273234167927406], [-503.9819595652215, 238.10277413547928]]
[[-55.08686499257169, 69.19670070488854], [-633.9613955068116, 31.916731069242243], [-50.56722338713006, 153.59126077473434], [-19.38683052799011, 28.614446556452968], [-212.47617810202462, 141.14555367321225]]
[[-35.127440478058965, 73.0172365058767], [-45.54164485371196, 57.992944729576664], [-983.0775199902047, 50.6660186629607], [-56.59764933854359, 6939.227803795248], [-68.02629543203014, 215.09924873219154]]
[[-75.76951061896358, 130.0537269225788], [-21.335191204011615, 270.60109289864243], [-246.52783831407964, 110.31079240263705], [-6.913863736071694, 9.84645241680769], [-169.5630295133656, 94.75296704240546]]
[[-102.4843042890386, 608.3423906219767], [-60.78272433677367, 593.5654119165185], [-1115.0249383496932, 223.93242331592646], [-33.59208461231183, 1348.5717172322795], [-184.04192219971824, 76.0130710715275]]
[[-338.2897493261105, 95.67559770325111], [-110.52410727599684, 68.17537449393251], [-74.57811761530493, 153.61217544521213], [-68.73387189300789, 10.405450798608106], [-945.6775261036067, 249.17704450361418]]
[[-53.90251032552548, 624.3841005982329], [-18.77775445948162, 4213.467789624841], [-186.48598624081222, 111.56966078530452], [-77.27062601281982, 58.56957022876787], [-65.82281729141035, 89.22560153540341]]
[[-26.852185124549464, 74.30282876520756], [-195.287831387542, 35.87526767103585], [-104.1926132826525, 176.01256977038133], [-62.58759452027529, 22.850189672205587], [-217.6398939968503, 610.7681789435528]]
[[-1136.6963045125754, 858.1499180595168], [-244.12577717484953, 108.80855264525488], [-110.50454327753266, 192.01684833100737], [-94.57236433611664, 23.63845154603782], [-556.0625721434799, 111.55371630757331]]
[[-3033.37761429839, 48.44719528031384], [-37.07979268733731, 321.05712834687364], [-643.3316393251304, 265.67847539563513], [-20.579434646527595, 18.034033800750528], [-380.9176018333743, 607.732680309759]]
[[-127.95176431780138, 811.6858278965398], [-2346.8320876738217, 170.96512119596935], [-364.39016232803795, 1311.2813058875543], [-190.59636567739997, 19.795507932544414], [-234.1679897161382, 122.77189126197712]]
[[-63.485059006516764, 45.98309404301922], [-51.663011025952734, 81.58231062177704], [-64.88279644891367, 102.08761534587512], [-7.218369629367663, 22.149532546892114], [-91.31100142587286, 194.45987592458587]]
[[-43.21478130011117, 154.15304323675102], [-51.31178105419925, 359.79813508461405], [-157.8876360490137, 1850.8283677382326], [-35.27030447150672, 37.807976865882026], [-768.0302081314342, 92.0469027547554]]
[[-157.72346363437072, 73.04628200594766], [-245.77727571649882, 28.922869271021803], [-60.94465891823076, 251.09216216389075], [-7.692193619220409, 21.98450491218394], [-47.33793596435961, 84.26442508457798]]
[[-54.451303885046215, 51.53441798381515], [-24.66008486330528, 41.661328416731706], [-199.17669441708216, 443.7821470256471], [-7.81830294181546, 24.29329039274407], [-51.434344038817336, 212.15009443122784]]
[[-41.872843506700264, 60.960151562009045], [-46.768259730563635, 252.51628417703768], [-45749.35055990494, 783.5304635153957], [-9.218993574200134, 18.916415415578545], [-100.28818870867156, 69.52388198495782]]
[[-100.07156765278654, 117.16736634504946], [-28.83581990618266, 53.85604974111246], [-938.3685022493255, 163.59934096101819], [-469030.9876296844, 15.079753042911387], [-203.01419551068713, 98.70440707561023]]
[[-260.5526868252747, 78.08833009069951], [-73.58506600869599, 26.885770542264055], [-94.30435219332813, 245.4002062802628], [-306.14138927679784, 36.60759222279499], [-991.2621490073936, 1171.018977862117]]
[[-99.63915429666237, 61.50472310212192], [-60.32091057705189, 34.411750778861126], [-2290.7367653241313, 88.32471436783688], [-263.9865722285933, 22.886288518642225], [-87.91024843242597, 205.34843530642357]]
[[-145.91041519973962, 52.301240097932016], [-16.48214877649335, 94.07465722567937], [-356.78512892281753, 642.9774409284297], [-79.8052030521402, 25.50642458017145], [-964.9865132583342, 177.16486604086973]]
[[-4510.742454171237, 111.01009369154775], [-96.54869658956835, 20.336756757064684], [-46.37277928406345, 515.0839976311128], [-25.666350610607083, 29.13715485147627], [-258.61426653158617, 211.2225221705427]]
[[-17.288359972238894, 238.7971021034282], [-2261.8639110551567, 37.64388584170702], [-6776.3148127172435, 386.6064343262203], [-181.44207697236558, 11.864686661775547], [-169.20237666738873, 335.1205524079184]]
[[-712.0803254960822, 3762.842169343198], [-239.2213032760621, 137.54574652396053], [-732.2195199299299, 104.26644356307793], [-50.76100658520694, 35.83892210671916], [-286.9546886295364, 80.32528256067393]]
[[-63.43412802099345, 70.26262548425943], [-155.46875176741716, 35.35742403635625], [-1427.3051923352857, 6657.233703613412], [-19.588917720217985, 29.974818167315455], [-110.33297808696709, 512.9050981329119]]
[[-19.822068432346974, 68.49248737883673], [-240.82313425960555, 303.42409421107646], [-324.98396732911556, 282.82394798040303], [-3.6283310778747917, 107.10437792259366], [-5460.394388843713, 1804.9375059378276]]
[[-139.89627222594325, 89.13286934619818], [-50.54365933830493, 557.4523465749661], [-74.89864214079307, 930.2767834260494], [-6.14093402302811, 19.655549990936887], [-542.3782198513484, 514.9821040099341]]
[[-32.21109692552223, 203.71170501025256], [-85.73633216199937, 52.61133108924471], [-11636.995009966164, 160.0186103187268], [-42.88570943009896, 20.04778409207685], [-53.47254949311716, 109.8066746525069]]
[[-160.37539955774236, 398.1930604214901], [-101.6477588835425, 64.34279842292486], [-153.98387287833128, 117.56506713728353], [-29.614275578334805, 10.644404382662453], [-62.47005848656482, 461.8566509580247]]
[[-26.129240666446943, 144.21727966435768], [-135.49104440632715, 284.4657292446291], [-56.66741059153827, 293.1936942706241], [-7.839125043231167, 51.346039837876354], [-90.71146953697085, 140.87995571743716]]
[[-69.56234015949886, 82.14317204745247], [-39.521086814363414, 22.16821739270671], [-572.2098920988101, 101.88617633695858], [-18.749609591537048, 59.88750320431686], [-116.56516122494796, 68.36022996625836]]
[[-86.31930592040334, 94.49389193836632], [-16.699042543418884, 114.52270865717237], [-48.4292315149781, 267.6012842376183], [-13.282874210797988, 21.29232470191924], [-126.60556505257112, 687.0298534554396]]
[[-27.65152469842733, 46.75752100764854], [-30.538909626122, 29.74612396734411], [-300.9490479153683, 191.13895909344257], [-7.144285151975259, 527.0523851466367], [-231.26502469736337, 203.44854257519214]]
[[-28.929194634547493, 90.68002426931159], [-73.3368175138738, 21.78298792354139], [-2242.350402676046, 157.63410661586042], [-15.874612727754105, 16.1385099958318], [-47.81818749030783, 528.6383827930883]]
[[-47.4588260446286, 284.0366360755598], [-39.69396097671888, 396.23770499233365], [-315.077187286602, 205.80540296189366], [-4.933208730369232, 32.19443666025819], [-356.96181165892506, 1128.4250322460543]]
[[-231.4990377163974, 31.369685183123778], [-38.27021353292273, 25.265848513819304], [-174.92966887465928, 276.38911370967617], [-37.25208122240099, 10.848710281681813], [-222.21918265168807, 67.13027240718506]]
[[-382.97592059762377, 26.087727715833665], [-13.55555705868079, 12.626936683502418], [-33.85357159543898, 83.3883911315593], [-11.914790800958862, 20.508461776180926], [-59.18473890879275, 71.91707133583746]]
[[-411.10284099298724, 61.211299720085435], [-6862.04895437511, 54.9845514525253], [-111.61521064749114, 644.4960211308393], [-101.69185785979745, 28.787931611438406], [-116.15109795721888, 87.68049137584205]]
[[-868.3433176080558, 147.30114965838393], [-44.396570924027635, 25.232579283614285], [-218.0930872125228, 96.60258539244207], [-25.672936618869098, 28.655762065071535], [-231.95190526363947, 142.46860912094246]]
[[-22.303717168403328, 192.4367689776775], [-19.779043447630208, 73.68942597560962], [-1180.3944007387333, 318.6132657178007], [-78.10589807405375, 12.402463604785693], [-56.677319059826736, 4771.227093648067]]
[[-17.962816222852428, 547.4242259847771], [-15.100925322329296, 22.564394757971964], [-2089.3345318981064, 302.4518880441766], [-12.017079758578458, 134.06043528170224], [-141.749910443231, 102.00685548664046]]
[[-59.58830134614462, 31.072055820724756], [-20.282533499353107, 20.881656766194773], [-132.78226191595348, 647.5795865269105], [-20.808225212215586, 883.7705157112397], [-279.758460253129, 59.05187871002666]]
[[-432.09427146922036, 1614.055623463577], [-18.017159623645217, 275.7190774728089], [-178.11869154757173, 514.364961419219], [-18.323310960412112, 23.239893825973887], [-1195.9756687980118, 230.15329169018443]]
[[-87.55310142247569, 361.29341650725655], [-16.541347520309245, 27.969172164835804], [-223.56849993532802, 119.8232693141207], [-28.577691163654503, 10.031756930813204], [-203.05435854645623, 78.01638230498726]]
[[-149.9692071053635, 73.11706904198962], [-139.6231808981239, 41.942789140232264], [-50.246673063511665, 782.4669935033476], [-20.213790499769583, 25.938619035106687], [-167.18371923238206, 759.83594235174]]
[[-39.697969007140294, 46.02741182212835], [-52.53072193774172, 84.98520733911815], [-129.60698732051864, 69.39937665757172], [-23.376778132797078, 39.16807593241376], [-209.03460099363, 374.25194605521506]]
[[-28.81549632595311, 113.4714369304362], [-19.289029234754132, 15.960753531210084], [-364.30294508797317, 215.55628310839415], [-23.173828748484844, 43.01804803023237], [-732.5482334959431, 117.79217186372935]]
[[-261.90066496335555, 50.16783598778042], [-44.1765595852314, 50.096850955421274], [-179.69416351815767, 87.38632557071203], [-50.63398025886877, 33.95752188934454], [-42.160181533334224, 3034.0954680976733]]
[[-43.414336583509595, 31.980962418560516], [-19.574371994194145, 31.46918008752805], [-402.5900581444816, 104.68603534817628], [-71.21010766334065, 14.629062642866954], [-105.45892414668168, 208.02447627656733]]
[[-150.35067527316983, 563.4080735392594], [-18.570401491741187, 21.5589159323212], [-745.1777702584726, 358.62511046483274], [-9.104783878627748, 15.233953507907994], [-275.6672299307869, 177.27502165715526]]
[[-32.36333666378235, 38.41069359818927], [-101.80526598831028, 24.398572749093237], [-644.9809931080326, 706.0980030010406], [-20.181697215507928, 43.56280322161342], [-1658.7379350568342, 10111.71951818054]]
[[-20.095460896072428, 1047.807042316652], [-15.416104998117548, 21.993752806030876], [-42.39404033628398, 1186.7563952257467], [-6.078468209050673, 20.647610853526967], [-493.0230320632847, 1109.321449439499]]
[[-148.80545670761157, 153.64778341279137], [-14.664548400244145, 76.48034401310275], [-4834.537729219265, 195.41045055785486], [-13.356435283158486, 29.848626556434233], [-20508.590417419615, 253.91894220254773]]
[[-219.40537015038913, 510.7729381886577], [-22.190794522345627, 24.34932036382593], [-1034.2386645152474, 176513.93470512627], [-61.66927155292579, 168.4232375337064], [-520.4622143449793, 265.097640805285]]
[[-293.83144442644834, 214.16604329667663], [-192.12127110483343, 214.28940553230345], [-1779.8648381882854, 337.0292421364734], [-20.788349125669356, 10.844814129082359], [-1702.7855557140501, 1415.6691582952537]]
[[-52.01653508385899, 917.1556350754421], [-145.00415105196913, 149.5251867390013], [-137.42261338219905, 77.00042349088893], [-14.766090535848527, 16.04711877087909], [-146.92379670181634, 163.37624068272467]]
[[-7642.593231852881, 55.668670966717535], [-28.42073476589915, 17.49693828777096], [-580.8382319946015, 2084.8214237392986], [-26.61062494693541, 96.5105518596754], [-170.3072145622615, 232.1635755325725]]
[[-55.38359014463435, 538.9598392440959], [-29.4332898025065, 143.16336797892373], [-30.338560683493224, 147.62122148890703], [-71.3124734019931, 138.1731723931337], [-394.46949156447727, 186.89599509332933]]
[[-217.02915693045455, 284.80815134607883], [-55.905741307704496, 26.176558954590085], [-168.48035352156668, 202.06031941404348], [-12.833158659872915, 130.406183163551], [-245.7458854517673, 213.6983648059332]]
[[-188.65501309982562, 139.62803182652434], [-146.8352950792052, 83.36502142085996], [-36.319000091112876, 44.00108902315309], [-504.86564967544365, 18.224330386786782], [-1841.0892905556868, 1630.654109608561]]
[[-47.7680402936023, 316.3269824236919], [-15.92581960361703, 33.53372562709016], [-51.16459122428778, 110.90298513575335], [-38.127236229575516, 14.952324581758953], [-877.8379279554864, 130.21421915469844]]
[[-70.47145756154653, 86.4036131326878], [-255.00914969334468, 17.710338063281238], [-166.7610092623652, 72.30889952944847], [-33.753688742273205, 69.01720653609244], [-80.61197307150188, 504.87297787300014]]
[[-1317.31586606101, 121.22685335836219], [-9774.035255814237, 637.6914245061469], [-43.609671697819174, 123.33424554298122], [-49.13798502911439, 110.40319747318603], [-336.46765819713676, 172.85777747500526]]
[[-1408.179492081391, 68.31718051409275], [-419.2107909337245, 165.65897542813772], [-39.85658171967516, 509.1129122937105], [-9.619761441742533, 42.445946862688345], [-592.7880387216102, 101.8312780592756]]
[[-714.8770554333878, 71.52485289336813], [-23.09572229150873, 28.026401609858137], [-363.38704835869186, 613.512085739416], [-52.76408740750774, 17.192157835070386], [-80.20427583423259, 98.51692857427209]]
[[-61.95742439891667, 82.82171038194265], [-12397.564153285166, 214.61507122309033], [-504.7184901647868, 69.03954484340736], [-46.022283492430795, 6.548387713612707], [-705.4980698804783, 996243.737397507]]
[[-162.24024072235687, 88.37338048538814], [-423.3333833894526, 299.1356707026978], [-2456.426494306952, 231.6595117797436], [-8.235172948941178, 69.59592726463815], [-358.32537771812906, 145.6271944817591]]
[[-205.9155210228403, 2377.0234787242944], [-29.167898563430242, 13.612227382703633], [-83.64411559100884, 62.276857823052254], [-17.34175954821408, 19.715986885424943], [-4137.106550554963, 1714.4995093361294]]
[[-485.3226263093554, 189.45437521545168], [-20.81503124817501, 142.7955631669689], [-1513.9823842467877, 114.23379797367375], [-13.91394527941402, 121.96769854514123], [-864.1439038144588, 202.64313901861917]]
[[-1571.9792368164765, 77.99838708579249], [-122.83894856069607, 24.368675076439715], [-64.40951872446465, 878.7372621411873], [-87.89384523908195, 14.785804166220903], [-790.8127827570278, 43.95134512153325]]
[[-39.87134240693368, 122.26841970329993], [-44.04538136421229, 30.212254820686702], [-778.3445258340206, 226.1517680214555], [-8.475469820749446, 69.83133954997852], [-250.8786445017988, 388.76331730060616]]
[[-184.40381170888162, 422.47790311877117], [-19.663321657069282, 107.65037647324463], [-289.05869417353136, 71.42821037391522], [-620.4830486266223, 26.475721919101144], [-1026.8613452175255, 123.40716736532984]]
[[-83.81289546437556, 94.6505882391171], [-296.6628455908864, 36.455215256664616], [-210.54465293120927, 242.5213070176771], [-36.11439337227274, 14.153885073645291], [-1574.9126151968321, 443.47708474296974]]
[[-34.743675879953706, 334.9603986042765], [-27.72976959869994, 141.20118210847215], [-278.86942196533937, 925.7285612155044], [-32.32708733844662, 47.262180162907235], [-277.1412430935236, 2902.104830369002]]
[[-97.68508890127293, 1789.0690610396691], [-878.9974790740716, 32.193055281628745], [-370.41151275814985, 116.81825703775927], [-55.825652675604424, 472.254147355165], [-709.5710037473928, 156.19372041651096]]
[[-165.57131809083398, 32.61967479347092], [-135.15581154294227, 318.84417325016585], [-41.67027436667665, 74.82523614085638], [-5.161486308139695, 6.383725051775309], [-37.623972229698445, 524.9536932116097]]
[[-36.473111360913805, 263.22784486073624], [-141.16182091820306, 221.0807682814155], [-1374.2123129080746, 369.62180167357724], [-154.48041195502566, 7.239341124735456], [-315.1314743391973, 152.84180544849653]]
[[-108.73467399900609, 2301.823136870454], [-14.941583712833207, 1046.024190781667], [-226.501841789459, 1062.0557330600934], [-24.151803158627537, 15.00996903288694], [-48.44769519211412, 158.98523983308218]]
[[-46.03620308435817, 65.12777325217859], [-17.805250245510006, 38.166470929639644], [-1248.4755808566936, 30.9759126578082], [-14.415105028179202, 76.98025087653133], [-45.95056094468416, 394.8330734484363]]
[[-64.76068073797938, 110.39781165386702], [-27.019971399656054, 51.31267893538747], [-359.6248039532271, 81.21010735847055], [-41.16765118647814, 8.99655110374602], [-12950.548399623594, 172.25961292397162]]
[[-377.7282701594205, 127.6745731055075], [-25.72025691385155, 115.30661889783183], [-74.90156280920564, 100.73219098266733], [-28.530061156529566, 8.209985520500174], [-1008.8687281963419, 353.64379215186426]]
[[-102.8233633807208, 68.14466259053478], [-16.544205077081596, 67.93897544589592], [-92.93790753156851, 73.29774911529067], [-25.751244388575582, 64.36896526688604], [-328.517377350911, 76.4434575456249]]
[[-29.076680505849602, 32.7570276421669], [-28.335691652387194, 532.9082783187988], [-59.527689119235994, 1294.6880455917646], [-29.15916474929956, 46.55874433269861], [-93.39463927336364, 275.77787428663123]]
[[-493.6483567607894, 47.39434870022815], [-17.353162876341784, 176.85372818300505], [-218.14829481866374, 131.69926943698255], [-7.565061601630123, 13.932845167754092], [-244.63966047413538, 118.60348079919376]]
[[-89.42254142004879, 1986.5037094861966], [-21.7329744244836, 72.9056612322857], [-564.5116995793238, 118.28320533427177], [-53.059025269385494, 351.06877743168167], [-627.445616459516, 110.04226410830249]]
[[-93.78069715945429, 339.2193416748617], [-233.75400249520888, 32.25571497571094], [-122.29440016243188, 58.13116477540423], [-12.883451595494417, 375.4368656964662], [-7828.760890781834, 227.33354677133536]]
[[-17.1372369127142, 1190.3536642102497], [-30.08708086709122, 59.245183741487644], [-452.4275839790997, 135.84308031329536], [-98.80427860770357, 480.57839829283205], [-136.1278647753662, 301.8118624756064]]
[[-101.82143726517462, 78.70173017437762], [-25.450679052341524, 27.169824416808403], [-352.8465379647524, 12136.321144736065], [-330.49127274398967, 8.472290265045741], [-63.143879245615636, 186.6162529582544]]
[[-79.97110321108266, 64.49960255653326], [-77.82771406557964, 22.85830915003404], [-204.00031059294102, 432.4335136100274], [-5.577352293063412, 11.699024154068388], [-1179.8726698052203, 7810.012801701954]]
[[-769.1814097652089, 120.47694042244547], [-49.20674223561032, 491.06187244802504], [-1284.9116148762014, 1082.490000054209], [-69.35564979500546, 21.721664413865785], [-51.05324648301202, 136.36306505674995]]
[[-21.054579682534104, 106.33556661731042], [-28.256765829335087, 88.31248051680221], [-162.473094256204, 86.92496698812482], [-7.087476034966513, 42.18553793902846], [-179.4083206595601, 42.973141264474926]]
[[-23.159508729423063, 132.5534063740578], [-19.090743721373553, 20.00499050161189], [-926.4816740584384, 120.42899188254158], [-39.20746502126181, 27.392385553433897], [-177.76292521264617, 506.8621931411793]]
[[-80.82746677532052, 89.12483884136944], [-203.5582137991424, 243.32831679185313], [-169.0095562825508, 3551.6545502626886], [-38.571303646294496, 18.548947889038683], [-100.47215570566895, 293.0387457571392]]
[[-151.8064370173088, 33.59956662670848], [-47.20985622232803, 1711.1791799595126], [-211.43643196237386, 1731.5776343302884], [-24.84642212508137, 58.846913853638895], [-223.5981841124775, 148.74919538507265]]
[[-222.53443833245868, 112.2343335750632], [-1250.7097765550623, 346.31162319575435], [-97.43995129745015, 430.3159938767243], [-14.043788254675055, 9.822464937671967], [-77.35244091981966, 193.02939457260607]]
[[-90.67604533988565, 183.27119763619473], [-14.238558679370165, 153.71249945641895], [-375.8861141207358, 296.6530644030772], [-24.835579684099116, 8.83926719508038], [-66.71185529270758, 123.50229851757243]]
[[-25.96231687133866, 203.00358172816252], [-15.558949771990505, 14.32650179543854], [-487.20400171215067, 64.57262922427279], [-7.346704171398677, 115.78130089792485], [-576.3280651653686, 696.4658431452607]]
[[-1166.493465613531, 56.89458028360585], [-14.928001878752225, 41.351521134704214], [-202.71957974244805, 142.3681168046346], [-142.5241983622379, 22.934903153238366], [-239.72440880038764, 757.5353336865853]]
[[-237.36682343402913, 7203.093205500436], [-98.88560151572838, 145.98287317157195], [-132.52984250524412, 77.68473939678826], [-40.382637607568675, 9.518585763788234], [-369.5473802493453, 109.49747820088152]]
[[-78.79334500367418, 417.97160146043177], [-27.936605047560704, 64.62148244109632], [-104.90873220614735, 236.70819715088348], [-271.2089028457662, 300.21139690937423], [-852.9188392036081, 324.9290650190466]]
[[-55.84273862875078, 119.95124244988577], [-23.384395923798866, 813.5245026531485], [-532.0636442104164, 360.4281441216255], [-39.098648572656195, 23.916825104187875], [-215.878553682674, 233.89213155804543]]
[[-593.0321344762483, 92.6002888641557], [-19584.075171235836, 127.14754486276495], [-113.33163649509275, 253.7706421661579], [-10.234631027512204, 19.980232359067713], [-176.8926791707907, 158.35151152661797]]
[[-44.119632122638805, 212.21381877978308], [-210.6428558050127, 21.370719938187452], [-2841.290357601632, 191.8529204321262], [-10.522302163263713, 19.63158056369124], [-793.2192076284689, 4531.022595081201]]
[[-260.84002131857306, 151.18849874389898], [-413.2003545273728, 57.37706689503581], [-43.13329089824701, 1251.2625418364853], [-56.61897657505962, 37.07497410546787], [-1018.6252168001113, 3385.135129531907]]
[[-3647.5311013370488, 138.0453144031568], [-167.12424987645443, 78.45846253544589], [-52.978754567155576, 76.77936967352092], [-248.65334463205306, 9.501288294027221], [-409.90331136501044, 140.4888740850086]]
[[-62.024369282244194, 112.5787460840487], [-51.47881115198909, 684.657201239444], [-250.11200331349207, 140.4623782021243], [-299.41239975686216, 11.767486212589475], [-898.7248411341831, 230.74589087301345]]
[[-1836.0585795644229, 76.31767710736254], [-119.73302870714727, 26.062934111741097], [-495.3474409816442, 146.15252084494884], [-38.61393850269197, 51.90091132360803], [-143.29940890059072, 109.9430893555523]]
[[-1239.1379084485561, 49.058722125675814], [-16.489613310970174, 379.7741009811454], [-38.60283499908742, 453.4581573848036], [-5.4613038574760715, 27.106081698799663], [-341.60206247667423, 131.96113405701215]]
[[-239.42766307600377, 74.94837237576448], [-17.386064207684207, 359.83613746395224], [-9875.067202450702, 350.5107827893473], [-182.170201027257, 108.3557322161727], [-1646.564491801283, 133.3345393193336]]
[[-32.105688397301684, 35.28424426090145], [-108.47210346115905, 209.10840080893246], [-144.1181091900753, 703.2371807761615], [-56.45080336484517, 60.670433330460895], [-165.975203882495, 188.91400800099493]]
[[-39.43097937959712, 53.393437474807705], [-42.501157635567644, 50.71675351285676], [-75.97391203942026, 121.99217890213292], [-9.923562765325547, 32.315931603056264], [-58.15411785590881, 236.6179636287849]]
[[-23.966440656470258, 46.421941582952705], [-66.95685682421285, 21.387451943191323], [-48.41530592841028, 116.46307964914203], [-65.0225298047966, 18.313133999589628], [-68.13827250408515, 143.22040058143523]]
[[-29.491178798253973, 47.14862376576799], [-19.631067785582626, 32.525876700314065], [-408.37356131870655, 918.0602459434956], [-43.65132069325937, 43.60619062439371], [-271.32133664612996, 197.26144044266695]]
[[-180.44306219005284, 213.75574306599765], [-87.20673927034144, 534.7078540905078], [-342.3396470884301, 168.38030110626175], [-19.982380632859513, 101.91914346723244], [-148.03436953509572, 344.3010062178852]]
[[-331.9073370788978, 52.83215350434905], [-15.720345426770484, 31.89163981248874], [-600.4772428681674, 106.80356709037794], [-20.903639409210527, 32.21121534662004], [-41.95056399164072, 243.00194878067754]]
[[-69.96018634100307, 25.022836198919855], [-38.88200362047456, 16.095579406187834], [-137.79919447380425, 260.2668806499146], [-32.82904593290948, 9.06505213356979], [-347.1679074612211, 229.08251676344642]]
[[-27.894362829681782, 31.53254272501772], [-25.383561766369702, 13.64091928519116], [-67.49159574360723, 64.41159280902463], [-98.12514503906074, 6.480719894575196], [-373.24537404483954, 642.4537021139145]]
[[-87.46126531915672, 48.93371877574297], [-124.58949138335655, 577.4952019315631], [-1137.741517636827, 295.2910749024595], [-14.6609905520247, 64.11061445766867], [-104.49925117888179, 493.005516354582]]
[[-758.6605966048288, 100.27122668554973], [-14.701993878392095, 415.0425759602727], [-203.01584613342658, 365.80390648364624], [-12.036433920190937, 46.326718334451016], [-57.35658566791366, 95.26713079338411]]
[[-50.54383212576834, 122.3600770687729], [-64.74364350308392, 79.72969183654503], [-999.9455800322872, 276.987175925751], [-16.471910390411946, 156.97932568508483], [-274.23114952869736, 189.74520735934396]]
[[-87.41353483022664, 68.43638348930921], [-13.582579614173497, 36.41108914248279], [-770.0548175227408, 749.5739173960644], [-16.825251840432717, 11.904885985456243], [-742.7710068486855, 427.16227038772985]]
[[-657.0106622499801, 381.17619045772267], [-18.62227181272828, 36.58608399227427], [-126.20048849213984, 231.29032327898872], [-15.055888969065197, 27.374806863012548], [-164.90288119865082, 441.0249599359031]]
[[-176.2321399621619, 81.47225320649366], [-39.961050685992284, 212.8024174573872], [-711.0766102751629, 471.29799885048305], [-27.77706073404568, 45.01945722031992], [-76.85478298731994, 619.2591413550691]]
[[-55.60900566161612, 62.760872746747516], [-29.438500514878278, 15.914604931648313], [-51.34388642016471, 8355.72205722134], [-8.307622436082365, 5.488526332885089], [-76.78196412930829, 2657.8198758395615]]
[[-398.50513432965585, 142.72591597971322], [-470.8723934800025, 214.68670351133682], [-32.09507474402803, 378.14848635768504], [-123.35431872691622, 7.912977920580869], [-969.2351299259481, 91.97815242371216]]
[[-301.12999178985916, 125.67085264617245], [-1792.2194090254318, 17.463312155863786], [-462.3839238712521, 80.37945054542475], [-76.16237125136747, 17.919322003284623], [-172.59589639819472, 102.47603948355916]]
[[-54.40266316635432, 205.35717112855144], [-77.82172128942977, 48.78462124544596], [-84.21656346924169, 365.22889382948824], [-51.356301241312465, 57.399625120588446], [-60.669374244609145, 114.68356790231509]]
[[-254.96243046452832, 308.56908465806544], [-14.23048069178339, 76.57915180365238], [-133.90578065620073, 581.4288248005284], [-38.20466231395354, 113.61273560253483], [-167.19468236558342, 368.1781191503694]]
[[-341.8509078306658, 147.93449714447055], [-1319.383555387707, 22.97370249730382], [-206.7938853693257, 104.65811049143441], [-9.913572109730739, 116.36632511678765], [-215.2525612663098, 288.19837387297287]]
[[-334.54045546663957, 686.7211336462481], [-34.145237992014025, 19.42250703429606], [-104.81869654524007, 170.5491687947067], [-42.56169585948712, 44.16354084477931], [-58.58830364840472, 135.11688182102924]]
[[-660.8416773172092, 74.46826899104235], [-58.10543947685445, 27.67262211258857], [-804.7420344481352, 52.18936506795478], [-112.9378353622699, 85.82517226207717], [-22.92610253344, 492.41082811311685]]
[[-135.99046318539138, 111.66298720376759], [-47.726899509750325, 15.38918179940549], [-209.916986819693, 135.84011128520592], [-38.55122070037298, 14.021360138852238], [-177.5592469243954, 496.2594827992127]]
[[-53.336880631890935, 60.412835841981575], [-46.207923883505686, 189.62855595768866], [-77.4924987301288, 74.90748292304202], [-16.6433051449879, 42.316866339359464], [-1105.976389134929, 89.33053947984071]]
[[-236.42629540664342, 1170.4232107432485], [-704.4552632354895, 127.05954568291494], [-41.63165974308379, 122.93623687754209], [-12.500833514208274, 35.988260040044764], [-369.4025511340269, 255.78833497301346]]
[[-133.31413930877432, 221.33764409880467], [-74.34009437950033, 143.18837313331693], [-174.71743984220487, 189.4102941444098], [-12.151401858255786, 16.870315376238903], [-406.38147672370854, 118.06013951043334]]
[[-100.25488499254445, 54.85706820583664], [-15.460732028133393, 260.8682528323984], [-193.1699284361971, 177.06975545931581], [-7.335435247373596, 14.66095517315957], [-71.65586381277167, 117.24639414044458]]
[[-1832.0237533838808, 60.33525586205504], [-18.82413780473215, 22.930829994055813], [-44.04696621656029, 693.6466098481939], [-111.27906100808599, 60.74581288408429], [-161.685496692187, 667.2896527185084]]
[[-377.4536664352024, 102.3497658058059], [-17.799833766700342, 18.362493675466034], [-118.53476067938495, 444.60698552254433], [-5.755171716372052, 12.20659071929155], [-699.0837378731735, 198.16744421529012]]
[[-149.43729078057478, 161.88903397445182], [-63.738822451721525, 155.1910456340711], [-164.786501967039, 70.90548931116919], [-10.140574456812487, 103.1669641478788], [-71.6427609970454, 865.6037436639318]]
[[-38.23681250049185, 230.92604151423217], [-23.545692041586776, 384.8209297171868], [-97.58405019505919, 337.33028487010534], [-861.4283564596116, 14.772279704818631], [-84.88612347169428, 1288.3509809220918]]
[[-46.881860171974914, 339.94883545511084], [-54.34754061856349, 128.2763236428872], [-364.0176303982489, 164.19286046143296], [-6.081996623688374, 7.5973208856681165], [-68.24026868700065, 2467.8019657087348]]
[[-563.5029137099408, 115.03643084178594], [-80.30170451581846, 1401.9519787787456], [-263.7779460002435, 3244.0542556132586], [-374.82153004375675, 101.15521285179243], [-268.7040403572753, 1189.5274306559788]]
[[-101.86053155376551, 246.76727251260525], [-439.7975987996807, 24.07371913891746], [-416.917365511138, 117.55397817198447], [-26.590666127940107, 31.4208625176885], [-54.67692101180069, 116.95916688096388]]
[[-275.2089131880005, 54.08773078905383], [-45.418794861369015, 22.212044065478864], [-113.44957212808707, 1336.9953096691297], [-28.570882671261295, 36.01859573388037], [-67.217454107006, 1052.26363864342]]
[[-196.6067755996463, 441.1001589014375], [-61.40187349819571, 37.37358968830425], [-68.7944776034811, 917.1652819188973], [-221.24289477201208, 240.32761928847583], [-56.798877656177936, 101.14034274831235]]
[[-82.49248793161046, 97.09139989098851], [-23.738673961095458, 74.69048830822749], [-77.3647038231291, 3111.9389628412073], [-15.009189562947267, 92.26974298922138], [-8257.913653925907, 247.3667283228619]]
[[-109.75098501918784, 209.9501298274486], [-83.94103550980836, 25.394767369428532], [-70.79654643675369, 4706.869605089995], [-7.0413900907583304, 97.87498733097365], [-416.86457163402116, 203.47105891401029]]
[[-50.52965868147547, 62.81045635152983], [-4054.17915287222, 1561.8097821185158], [-866.8974914372398, 138.14837703886394], [-5.726824548494138, 7.298650793333428], [-1324.7677356297727, 155.86949599525101]]
[[-21.143232848229083, 43.09586788827138], [-47.23106788452598, 16.939559206897584], [-126.35105662368287, 316.49162687760105], [-90.42638032353511, 52.25375000000907], [-212.42721811499464, 454.52449714294534]]
[[-100.91864435235593, 30.960840987436793], [-16.70108244118982, 12.808695662563316], [-202.8062368067636, 163.58231676159852], [-45.04049537041253, 8.581771325533904], [-331.87126664511857, 75.36416182369285]]
[[-306.1295077976897, 193.64807685341097], [-641.6970270836325, 51.65242138817576], [-247.8832360921896, 606.5945838079672], [-13.492095324022902, 27.31286456662742], [-242.91159187661123, 27055.063321329977]]
[[-48.64917601156863, 201.2440708909127], [-409.2843063424205, 22.035804522424286], [-4350.8144956443, 694.6803591317212], [-9.23705970905823, 12.64410425465962], [-516.2625692364093, 91.7574230017333]]
[[-22.509471652561277, 44.228435984780134], [-301.0893311337657, 16.901478012888404], [-1157.3175719544006, 179.33125857658393], [-35.54236243927341, 6.98087677091778], [-250.06017763755602, 359.5958858459678]]
[[-100.43648248252086, 155.6060049304444], [-233.5641707636252, 29.93101924353492], [-573.3396941493507, 174.33859599752626], [-17.55593375086347, 51.8537475020842], [-224.69436683468314, 270.44799976220867]]
[[-350.298713417714, 76.4402944599607], [-12.183756105898107, 33.21074398370672], [-405.0904930925946, 62.70459458635245], [-5.154175211533757, 15.171609489527382], [-932.5440155388972, 93.9682429977785]]
[[-468.6725036686219, 489.85435229217376], [-70.81940152476913, 647.7688814361886], [-276.97099083599915, 244.39661837552404], [-72.67064018623012, 10.553180717267818], [-204.52124379383582, 125.44725954788099]]
[[-644.1613611219738, 87.2435950345907], [-48.83735214904557, 56.767821810789414], [-216.46137091845367, 470.1081092899542], [-83.69566157717495, 33.67294542679163], [-1391.2159733222813, 139.1779216128806]]
[[-36.925850679660535, 79.67483842472289], [-17.008242804517753, 18.55715828933011], [-90.97374347074182, 157.05051402429058], [-21.774827823726614, 7.178333762058818], [-5706.445437422642, 160.40345151729483]]
[[-139.6843897664158, 1021.3684943523448], [-69.45461863844412, 241.80112339480738], [-675.4905166367714, 437.60304192702546], [-71.55734657484544, 576.4204880359357], [-318.0273039004785, 1820.9585430137017]]
[[-34.271679942639935, 126.725860302091], [-632.0577600507584, 141.5357587791326], [-84.17023802975228, 508.319240310401], [-15.718418169033974, 46.57982431831577], [-329.3928598440026, 325.74117183245255]]
[[-25.138019227497722, 109.75910101837292], [-26.616951866541807, 198.17845435812254], [-377.31079378609127, 188.89399610045973], [-57.19553997280344, 10.54802872566545], [-50.44597938171948, 406.41801811249024]]
[[-371.4466176173253, 29.726578783582212], [-242.91851497450887, 22.66015564153986], [-6459.026845070385, 1073.4743656844319], [-49.93918767362132, 64.81835277200436], [-47.152053557898554, 1037.8931818549254]]
[[-23.18787692505842, 27.21026448424335], [-37.97331227474356, 22.871594265117622], [-186.1375350634222, 730.5312866410936], [-20.789820094804234, 6.708721798665785], [-694.6934310461068, 209.1250418379426]]
[[-112.86618163129239, 2814.1654567024766], [-162.98505132637573, 22.40205887402742], [-212.85052699154292, 424.83652823662226], [-102.98576909561318, 21.733521578103147], [-151.88031118355053, 705.9455310626117]]
[[-23.995016235901797, 123.03324131395783], [-19.927648815817957, 54.922876861854554], [-1204.8999962015978, 194.75551340287387], [-74.92524318255589, 36.23683986868105], [-54.24277507535714, 1101.6717569141006]]
[[-110.44260638142615, 242.4362662873538], [-120.45758507157026, 56.46110095085913], [-697.9379630294814, 202.26552947840565], [-21.832661485855983, 13.504805393574436], [-157.32481091980952, 844.9139283223203]]
[[-151.88698703028948, 2393.9414537868656], [-216.5246607715796, 535.6920030484061], [-62.72378087878502, 67.86812203742633], [-5.027126877813861, 166.97485992238086], [-309.27139492582535, 91.52988625778005]]
[[-148.4206122311022, 37.839899885536774], [-16898.273181101682, 113.65991218624215], [-974.0770449873462, 1647.0607675058393], [-12.55001933152923, 15.449963194338586], [-123.30886713078542, 80.74811025727153]]
[[-155.7979647608225, 38.85350471246093], [-1822.53652513733, 73.90630061684486], [-35.39207647659294, 569.7715601487483], [-226.4996713922359, 13.881108715676756], [-826.4147167936767, 893.1334911176497]]
[[-89.549763007374, 130.7019048002545], [-29.569713692649202, 129.07695635979928], [-229.1011211603425, 264.8088235227786], [-178.60392657292283, 6.712255872229077], [-173.7951507471048, 198.02919049885315]]
[[-18829.41318345221, 38.41694558332574], [-16.376435687332403, 649.0533897171641], [-37.285248714701694, 165.5495384091524], [-189.85450017064443, 21.700642148956288], [-164.60432662661088, 277.8471108654369]]
[[-279.8043767238795, 120.49023836294178], [-70.43517228639881, 37.40322000814783], [-775.1322424237962, 248.35304629386835], [-24.579556933143675, 13.782853403706135], [-485.09070913033327, 223.3996452878058]]
[[-65.2455513119934, 89.14786141862572], [-548.7833027574682, 42.69935871934059], [-396.2666057313484, 156.91385335990202], [-77.9776635778041, 131.15997750354438], [-87.04159620654329, 1788.2995860950814]]
[[-61.92084623705571, 953.0360172001691], [-59.78027415975483, 471.63565240223926], [-74.91133955446475, 340.0533294590194], [-34.323307918626085, 31.226890970989697], [-350.3287776853561, 209.2514354364231]]
[[-43.77129780590474, 185.6096333819121], [-26.794493184744297, 311.7455901447905], [-311.4768598618983, 19352.867279458627], [-14.621727907803567, 38.274209319634956], [-133.66231631909994, 297.4704429310463]]
[[-906.8649373087192, 30.17508245812313], [-14.68707338051673, 36.17974019141699], [-171.56433791170082, 364.19437639733286], [-5.145846420457629, 10.091246190556559], [-224.7727089689567, 66.90708525529705]]
[[-137.2997084467031, 1965.5168963285844], [-19.130651806121243, 302.6949059769823], [-1117.6504460254216, 449.98075105809465], [-85.0675150801672, 633.0766771513165], [-924.560573691134, 193.94677898857285]]
[[-73.56475553447063, 31.603449501241343], [-24.515329896197766, 34.62959002127579], [-3495.072445475991, 3951.08199667714], [-10.073599572892842, 57.30970355429927], [-65.42307279673858, 4104.5695331557]]
[[-450.07465611223546, 237.9599902384528], [-19.916092824841463, 80.19925936055726], [-117.98517908701486, 359.38707139742485], [-83.12290385856352, 33.45493234393898], [-56.941790185036254, 664.9087383737035]]
[[-162.19879602073235, 66.54443948026235], [-60.25300455313313, 30.411031623328547], [-121.38621757430894, 2105.7844723361477], [-109.62820953349308, 14.26164273993241], [-314.58665138828104, 185.2064837258071]]
[[-34.00532463119998, 29.96651080121659], [-25.227557397728003, 103.88406929822382], [-386.88794944324985, 43.61064120895645], [-11.213471371902745, 11.044210452378774], [-90.31932507159144, 152.18920240445973]]
[[-27.666622938559044, 47.858505810726015], [-253.17705870032336, 505.05173378553997], [-42.248235774122925, 348.1028474629899], [-718.6004796677397, 46.26697304132672], [-84.94329822044341, 55.48790801324232]]
[[-256.15976506917, 260.68286569859856], [-13.615870338088175, 145.45963125188084], [-247.59694094663536, 63.7618808131011], [-21.452829227901038, 48.327511035214336], [-217.94907016539668, 124.9418079661159]]
[[-82.27750204954654, 360.5797069933435], [-81.02112554805775, 28.555838978016936], [-75.23933767971711, 1251.178949853165], [-3.600429376490817, 34.36099317315864], [-279.92796108550885, 287.94315655396395]]
[[-124.5092855417816, 154.71638912659887], [-60.11365789708527, 26.4644390300112], [-107.92102040064904, 39.73869303858662], [-10.005942482767097, 10.097649310684378], [-139.08831999116018, 969.4345227283999]]
[[-5686.275426113033, 205.2513446813273], [-20.397796246191536, 60.627230380027854], [-129.18008864795354, 316.3236596433827], [-12.780644623962722, 26.239949842152903], [-130.8395063547225, 148.00699702759331]]
[[-111.53117862327356, 77.07462307806213], [-101.48785002965917, 94.08232236546118], [-67.68532584242777, 981.8202509432567], [-24.041432649331288, 14.890442385519652], [-16868.16715098845, 73.9515670600029]]
