[[-41.91727828275661, 198.9239573075174], [-70.05529656631039, 81.6271253438213], [6.643900272997087, 348.7490957520186], [-25.030818601864496, 43.093482465265325], [2.730406115286484, 353.8077600584553]]
[[-96.22845397788151, 125.45200101464104], [-94.57547703654203, 30.453195556038533], [-2.866651876201665, 333.99100677160567], [-10.214039402692887, 41.54067396513924], [21.982528741602444, 389.0252879978375]]
[[-161.79384695617657, 126.0316951751412], [-59.23010554869228, 72.1857072631795], [16.044602525471632, 326.25875366459127], [-6.203188053199392, 37.649518388331714], [5.40364568091763, 453.63872871642315]]
[[3.6365250204770354, 191.1557824139116], [-47.62302965765059, 44.933116065618535], [19.38275800300399, 328.13199185235027], [-5.006698744795067, 44.503715026408734], [3.8360580799537694, 358.8409667730686]]
[[-49.05581242759742, 117.25623199487619], [-102.64304522550128, 54.828691655521986], [15.0690838990733, 333.8893207952345], [-9.682584331199335, 39.30729150516593], [12.63048162356452, 387.7157641669286]]
[[0.49172450106814214, 195.10480116758077], [-103.14748611347619, 19.018742352477695], [15.262503950674557, 340.764106526255], [-9.03726452011223, 38.61122192227999], [11.986651546438594, 420.97161366599005]]
[[-0.9054889156801769, 207.64131837310745], [-62.49612485935066, 14.806962033043826], [18.23020880500701, 281.2065535440074], [-0.6457570410791196, 44.222515443368216], [10.879231333737607, 436.55147152070515]]
[[-52.88190006101505, 183.5671801931585], [-116.8238976494664, 12.208126684949846], [9.439589300774578, 327.19998879585955], [-9.004376988721184, 45.75010378028897], [12.987415527421174, 410.17536157884194]]
[[-8.539323464729993, 208.0832938776624], [-106.66971567545285, 12.272990366857211], [15.515386364159916, 410.84639054840125], [-8.856875221109334, 52.56100052978261], [4.724699907213163, 333.1911149941731]]
[[-51.522335513439224, 127.17621814296834], [-64.71895547675754, 40.10994755740185], [0.7690192548663592, 365.928074539938], [-9.08853357081233, 49.512028490808], [19.628310666637788, 383.54616905627313]]
[[7.806345917565277, 247.51404918220572], [-100.80088225073, 41.990875289396165], [15.127318096202327, 335.35684027615224], [-28.34800512169868, 48.01664909735455], [-40.716417223697455, 395.16780503770747]]
[[-31.063357078930153, 157.01916433536908], [-99.79981234782734, 20.282956802981225], [11.100912381285054, 379.6949106394676], [-35.54024626131976, 30.54359979722398], [4.193145480979986, 394.6736820515164]]
[[-23.55748206432152, 214.16997649992572], [-41.609075815034494, 64.33484834998494], [19.568430771550574, 342.925441173515], [-5.440663338974117, 45.91933706299628], [14.944150984319126, 424.224984707067]]
[[-23.69118114532551, 177.95518606644362], [-100.83509221869501, 27.933107012195855], [6.728085771948978, 366.01764148585204], [1.6954859567717109, 44.71590270014951], [20.818739945273304, 330.32533537849434]]
[[-45.969800275513826, 135.45301576979713], [-85.12995723411805, 13.602792196203362], [7.227037102821081, 334.4568502207163], [-25.616949751150763, 18.55595173406398], [12.055771765292953, 382.01258305444503]]
[[-36.257322980618525, 159.95650047528335], [-79.46735363284593, 76.93822200155063], [10.791140563458672, 336.26604686236135], [-6.633172296765828, 30.5408358223669], [-38.29143240375535, 384.07342319001316]]
[[-34.281508457900955, 226.35446716232755], [-55.06959701252335, 36.29479543574641], [13.52773275499566, 359.53339143316106], [-13.761498773673024, 38.63963438335217], [14.529109868127435, 404.4878123010851]]
[[-24.343822130017543, 203.80387228831376], [-96.79606754840648, 41.592690176071414], [6.906299749714314, 308.6026013986046], [-1.8776659403514198, 46.9160800583607], [0.4299861704572727, 420.17655457774407]]
[[-58.03455360442386, 162.95706061170742], [-67.78299864524291, 39.68807762203744], [12.986099076960016, 366.27497150084537], [-20.734504309816653, 33.83247857327788], [8.731206375997676, 418.90592145706404]]
[[-17.967114562188943, 215.26560129766088], [-51.94702475839455, 59.66986045808619], [5.835998770076332, 332.58687124974125], [-18.66856428532799, 43.82662756100422], [18.425696427050546, 422.9305727033845]]
[[-19.842172894459353, 189.01655674047214], [-64.74373301822966, 54.828917843238195], [1.2397750072469567, 337.73954473227025], [-37.811925855939954, 27.48889640890887], [8.801384998032475, 408.06316404089256]]
[[-10.750913988532364, 173.80949592144017], [-94.514806113143, 60.21335775472455], [11.463085001033948, 335.75597383929016], [-28.15235956450672, 41.173420680596394], [6.289803830311879, 376.05382447129153]]
[[-40.254835839687566, 173.75508169158385], [-104.74158516129889, 10.496389770984448], [15.949928418263736, 337.4683310703617], [-16.906159042710225, 46.65535063921957], [14.437510195571226, 338.0064946357923]]
[[1.6587474781857905, 218.23238756222048], [-68.14640023562254, 64.94354092442724], [11.935873797474278, 297.12673577838416], [-8.40744476011222, 44.97187289550052], [22.110204897282628, 393.57620888564907]]
[[-41.789630228478856, 168.1005330840631], [-56.59572811567557, 68.77583105176926], [4.681718315796793, 307.07355383560565], [-3.353118063579572, 43.805643443399255], [3.726268309378065, 382.58364247540527]]
[[-61.538253436115625, 201.11966808155208], [-79.95972637550331, 68.812922328369], [20.296377440034586, 367.54199038075393], [-38.356321422287046, 24.78875451070143], [-26.93446446195071, 435.8749427830976]]
[[-93.88111790067835, 119.82155546386527], [-91.44138465010572, 37.93346649428894], [3.497791092107394, 340.3537739621783], [-4.374918288934398, 35.691069763565075], [22.793232269215085, 421.5364123753478]]
[[-45.84888298806311, 174.95236889211714], [-102.43801860947403, 22.42970480695334], [2.702599609517094, 308.77195755301227], [-28.087943290908285, 19.38465679041954], [-10.93919550406983, 370.59871150167646]]
[[8.557338748877315, 172.9894378452274], [-95.17655798852252, 24.67262384083945], [3.448191792273654, 302.1583351869083], [1.0529561226968136, 35.361631820476426], [-38.888098570010655, 371.70049630835047]]
[[-13.309974444737012, 140.7718406826413], [-60.66711358787424, 66.21315355661142], [7.752779409678716, 347.52812331705695], [-13.011126870181823, 31.633095995907023], [14.52396914316199, 391.372663838328]]
[[-15.856048153506793, 159.37778771186558], [-95.76343292480114, 44.76750563493247], [10.741370305801409, 285.5012277908923], [-14.598063444372016, 39.763134237333105], [-2.985515540694756, 370.4959635306724]]
[[-31.389646809918716, 143.0664644749953], [-47.98407077291172, 116.87702755605484], [3.922922040790528, 363.0376973010886], [-38.75782344315256, 45.177157950150146], [2.6411674012643616, 428.5611602816803]]
[[-17.400605257819905, 202.18752425935293], [-41.018554425433315, 43.27879218933374], [1.8118277952865414, 374.54650433445426], [-2.190767246024844, 49.112144695297744], [5.204308465941498, 310.23299455674913]]
[[-2.0434304974724506, 228.76297148296143], [-94.28631537631034, 31.67714584178835], [13.622302451435512, 368.17910078257074], [-25.663497714552676, 21.080156602577933], [9.485032173281802, 363.5744968652639]]
[[-4.177153344097787, 207.94372946936477], [-110.48696291032007, 11.343173939245794], [7.4426236023439385, 317.73155601006636], [-1.889531981708216, 33.1289697661157], [2.3325716384427846, 416.7614605753334]]
[[6.278982829271605, 204.23704653760956], [-85.17667372973465, 23.32275304995975], [0.8343736400813331, 354.95263235492604], [-21.44669139076577, 20.11457296906719], [19.76546281958554, 387.4576513517467]]
[[-7.208954660237634, 170.92597125570293], [-70.38343893509973, 22.53218775390694], [9.664077175666185, 305.92326811349244], [-7.617432708135066, 33.7927529981318], [-21.596970634439394, 458.4750020112966]]
[[-45.09589224349627, 195.32741984365921], [-78.43730720954144, 52.71787587871863], [15.802353552447443, 363.81508005384467], [-19.482178954945304, 43.47170039926386], [-3.0880618214161775, 407.8113140156919]]
[[-24.162914578113924, 188.35403564486654], [-56.122686766528915, 37.20974269451292], [1.3144434699065926, 325.23082330915423], [-19.82863067180675, 42.10358697124434], [-7.39830598881899, 360.1108829653218]]
[[-4.234014243312366, 194.12161289904893], [-97.01660253162271, 47.64965085914875], [5.210927692884788, 348.5756906162734], [-18.46448366275585, 27.910899257614254], [-12.183309664137166, 366.52824876523334]]
[[-59.465082512277746, 134.22146666741426], [-110.99872236581501, 57.59885094380494], [16.28424592358802, 291.3570107623785], [-19.546724061468332, 28.411048940221107], [14.0, 393.2711040524648]]
[[-10.30253615411849, 161.93597359091495], [-100.59004335010924, 30.636751218229694], [6.833852110669545, 355.0168463196787], [-25.40698630264851, 23.146348225106046], [4.85865358301371, 440.7700218635912]]
[[-29.3524850517459, 113.64921705181041], [-85.31799854404379, 33.61656856306672], [10.435212306275329, 390.4902550346622], [-20.59589356487245, 41.67404678279213], [7.752617400712286, 377.03399430721043]]
[[-54.41638280885713, 179.66260914793043], [-110.14558569292842, 31.358558070538056], [-4.102800599614682, 332.69853604952385], [-33.47417455934514, 27.45971020350164], [15.561600666444722, 370.20940400160816]]
[[-8.02960224306116, 176.10914966812925], [-108.26435809107556, 60.661494157373454], [24.0, 371.29148182097236], [-10.708993191356315, 26.30271431748339], [6.348880515630501, 378.0985501495227]]
[[4.105473560302099, 183.09320941800556], [-62.716842201317476, 43.21307439180613], [20.602281268109103, 340.1700301237095], [-2.5446939596824354, 43.54760805327023], [8.205762070850858, 396.13399057460447]]
[[-42.07239297397416, 174.73740123541327], [-79.68920514619747, 33.41252989545892], [0.8451869114476942, 332.6416963093894], [-16.529708818633477, 29.801338370192276], [19.244528330986128, 393.1616017439146]]
[[-79.63979069324326, 124.01464170920605], [-84.78761961222425, 35.25078671586978], [7.949512809189827, 356.6987542315983], [-25.093223175658306, 39.07712174684666], [6.201073993892656, 392.9460394603681]]
[[-55.425788429386756, 177.8507506103299], [-94.79320867044113, 54.8085293896568], [8.664665148651002, 320.6361255447151], [-16.23974340585755, 46.73354971084603], [7.773906682525306, 384.9848934675661]]
[[-22.898268911273256, 181.15522802856407], [-74.05965825440606, 37.87229306514336], [9.50658162152639, 287.12017237321857], [-21.93046199018006, 37.94741248948649], [-12.724026907934089, 341.26420731459467]]
[[-50.59521692445438, 159.30528979167474], [-53.56667985566985, 110.7533138643917], [23.0, 324.6826034223512], [-21.827960698787603, 43.61241338791619], [10.315365451313378, 411.283196084656]]
[[-4.735111293881207, 183.12197873276702], [-60.7303543404508, 85.00971685073506], [19.714743258893687, 335.9785311094665], [-24.119628350377713, 32.26279868103936], [9.953470474080987, 446.98885982192144]]
[[-47.25244317639317, 163.3903585138164], [-57.99225378667314, 127.62886122722863], [16.484229693409034, 329.1546678794423], [-1.57448055418151, 46.337631072243205], [10.422908977819015, 449.9459536198518]]
[[-49.79510703563088, 193.5513001467429], [-114.6619778026073, 57.709370070292586], [17.01931618247106, 292.78662783632836], [-17.908161991085684, 32.11632950633967], [-0.2418941487749322, 352.5766637965784]]
[[-2.546133594749468, 209.54973360706677], [-80.41001481353528, 40.709709252409674], [10.06792442559316, 322.61367848614753], [-24.293180472821042, 30.34404692294777], [15.487899247855427, 437.66663386540125]]
[[-30.142263598356926, 130.9719197337717], [-44.44621136621296, 52.381457186876574], [4.199137746152916, 321.90918312586825], [-6.832930825732249, 47.916590694963006], [18.81598381306185, 384.60096706618344]]
[[6.695931281755798, 154.2174324887051], [-49.952442250811785, 31.086727670080492], [21.07196516271594, 344.14811822555095], [-14.62989620981461, 44.12870508843328], [9.903700953096521, 437.270456000359]]
[[-82.64522725133, 99.80179393601937], [-85.13149070326597, 77.7824996562183], [0.22367325559147977, 327.12818610095076], [-16.522356979904764, 43.680446441880164], [2.8833706819876532, 392.98466185326583]]
[[-12.895659190360544, 180.69890529044804], [-67.6242723101351, 33.961920375767924], [6.621427369571399, 352.07840837168607], [-26.250057268979734, 20.07279006534903], [4.652886141747744, 375.6472453101844]]
[[6.993317377051177, 219.56600153318823], [-79.44512350094206, 21.649700064054507], [13.005191583032591, 344.79223829104023], [-5.5454918207951405, 43.629802379568545], [-23.090321681580185, 405.76709546420693]]
[[-23.60829406394251, 194.79827703556018], [-81.2813527025837, 34.24279227984033], [17.293120834338414, 293.8286290309807], [-16.554325693456725, 41.69506059107342], [-14.280793465723239, 461.94250466946784]]
[[-37.350277093198784, 137.00805070855216], [-53.712211885659414, 68.48728364759964], [3.8160643002331796, 340.10558961012947], [-15.181046261203143, 46.33509161500383], [13.07717336044647, 394.7335669480827]]
[[3.8181224966503793, 168.6767174230047], [-56.16287279057608, 47.68935790279457], [20.572153008422372, 363.16478986719596], [-7.11264381095377, 45.086034047012554], [16.710784305410925, 447.3298721636906]]
[[6.3702604549463, 214.83686179162643], [-53.77730171852853, 40.10512160271775], [8.00366965088085, 333.9874921756434], [-5.415632525932912, 47.95211231637509], [12.368975640802043, 353.70417668719415]]
[[-38.9986604500761, 160.5067555150157], [-76.29796997167286, 23.064983199411138], [5.029303879743511, 325.344116954319], [-20.75073446917044, 41.84900797436841], [17.031144963236635, 409.83838745736864]]
[[-25.89457490152732, 174.94167796654287], [-90.29527135768971, 15.905898307690387], [3.632255539270737, 336.0040779077137], [-17.725587175683334, 29.244927142479778], [17.006061883454397, 360.6496198168169]]
[[-28.779900368260726, 185.54540047632213], [-103.02431750639096, 53.88740998805084], [14.732500953673311, 367.4334907828008], [-15.839419705611874, 52.94968637825919], [-9.42975758970693, 352.54076130413233]]
[[-53.33853568703444, 158.66683367011467], [-78.9475469519682, 18.961864476275693], [4.399160958706619, 344.3069845735275], [-3.1532614488799853, 37.70532296343622], [1.1021554822611392, 406.88119703355505]]
[[-28.276198134854013, 144.08379368052726], [-82.62150377009219, 67.4780910100908], [8.522536665819121, 371.9165407099068], [-25.279950820970598, 35.82023527213589], [1.9296657884534945, 391.3267389420098]]
[[-7.248354131959539, 169.88271180625318], [-84.14691593817896, 40.82171916557705], [3.7840075020433317, 352.43648730199175], [-4.1694948585644, 43.73769101074989], [-0.9225863532258174, 349.6925674932484]]
[[-57.34371031707458, 193.23324735571637], [-79.45621153860448, 21.07819733837473], [11.427291577118226, 351.68482450950313], [-25.092439712459452, 42.825607564452824], [13.8280564237087, 405.9313824791179]]
[[-6.045537048685276, 155.3462201664315], [-106.69068456917324, 16.094012558517726], [1.7102044278797197, 330.5572442597003], [-4.5358980570189145, 42.41393080494078], [10.617373524898925, 389.56205536853287]]
[[-89.07452920301745, 187.64796466739176], [-84.41508099577628, 49.2151932026281], [-10.199860097501922, 301.72902880876296], [-28.159041398717015, 34.46372198640199], [15.128140323109907, 369.8626899197718]]
[[-22.282023525432322, 176.39756203054392], [-88.34374232877182, 7.977401403010799], [11.39721690644101, 306.0932919566758], [-15.617163550180692, 41.07494667854544], [1.289166457652649, 444.17571991545174]]
[[-55.83379245584764, 197.36831719830818], [-94.94136530948893, 73.07174561133408], [-0.7189900064853134, 329.5414791034897], [-10.816289603651477, 47.02344570170704], [11.422978265232071, 358.3794215193779]]
[[-34.60324769648051, 190.43568594967752], [-45.12448078941251, 51.07191706239119], [5.517061355120507, 289.26251005609276], [-6.738036272819299, 42.84756278613438], [9.448184045824405, 381.3484088109644]]
[[-55.154632443484154, 140.53336387922792], [-122.11000233675006, 43.40257031127873], [23.0, 356.1670251837284], [-2.6924641965530434, 42.639935550916526], [12.945909395444946, 403.42300648353483]]
[[-65.26003210122255, 165.3694899971856], [-50.11942749748076, 77.06782814626733], [12.431655343902323, 369.526604089942], [-52.90260224755667, 16.914491841730843], [8.462502754361253, 403.8664691532997]]
[[-1.8374532018436538, 160.7981100666269], [-94.17893016581496, 66.04332426560764], [3.092356479685746, 325.3749564690401], [-32.774065441272434, 37.1373989721792], [4.66284448893639, 365.517171960432]]
[[-5.369509432797557, 143.68408757321913], [-82.94608220883514, 53.413468396661955], [19.34230587779675, 352.41603629479783], [-9.026870894091642, 43.05050842052811], [17.180513581482185, 440.5314489148309]]
[[-16.443448304907484, 172.29260494443065], [-66.69270539383064, 72.19009200336052], [10.282050801796508, 349.77840528122476], [-22.779987720562488, 43.321949365187685], [12.579844493591844, 416.0057307691356]]
[[-39.24172500474526, 173.94034529859363], [-57.04360202538872, 64.54774939294606], [12.430450032390574, 337.4640852360571], [-12.297660039302881, 38.908657262796794], [5.338896497836977, 399.62446712734686]]
[[-4.8753820603344025, 209.55727509344945], [-101.53130671943727, 13.586688393949537], [14.0, 335.26883076190484], [-21.66281464082161, 27.41623020299681], [7.437788663083145, 395.25494816239245]]
[[-23.041236261043473, 160.55515959406662], [-77.90806707926558, 44.986331591528554], [19.7888932089287, 335.47363474812187], [-8.545023719356216, 44.90534997534706], [2.4972616805255132, 362.6794512348862]]
[[-13.644820085157988, 151.73936895529044], [-66.8884455961254, 22.19133386362725], [10.730355616744298, 334.5277605471586], [-32.98294495469006, 36.87065817937007], [11.276787718947368, 344.7154858643787]]
[[-54.26055629558437, 205.91999019288033], [-98.48930142471494, 55.11961843555893], [5.556928061599017, 357.52397589100696], [-10.6004700215539, 44.282646720338604], [-8.498230772822271, 304.8677115073239]]
[[-43.72203528387851, 145.37052856959752], [-81.41482406796939, 41.151341310063614], [0.11413213677796108, 353.34835458892627], [-15.274800285383002, 36.19127394906934], [16.2275244640833, 465.79530275854]]
[[-29.492937691324357, 191.6667989332453], [-31.259557670623934, 58.03812071148887], [15.710637592292846, 347.0511826900796], [-33.51425768925229, 24.240840010206213], [17.920608277157477, 410.06056289841706]]
[[-95.82530570548803, 164.8397059216946], [-18.188724603424756, 76.36905402778828], [8.170543145770454, 383.66057393015944], [-3.5028580689167335, 40.4947862887803], [19.485116897293988, 409.4869782014406]]
[[-37.037613250203584, 184.01582422858803], [-74.85574360634538, 22.137040460137012], [16.74514667242507, 263.32732481563994], [-19.37887079411482, 36.45460200550505], [-19.81902998697592, 378.9093085150703]]
[[-56.673011964144706, 176.55087161183195], [-90.37883456185196, 6.677658360673744], [2.5498287561659847, 338.4906303091812], [-12.943788904207253, 22.459501270409497], [11.791677630283123, 333.35781584289]]
[[3.675536842835986, 174.64557684283338], [-94.73392402418797, 65.03309670361787], [10.263176294007703, 368.92311004359715], [-24.168562464558825, 46.945158362252], [5.300116177117952, 396.2973720940712]]
[[-36.75259945829551, 156.2719812594404], [-43.286959001201225, 37.539799037736444], [9.899637435190488, 334.4114687962508], [-9.086802239797244, 42.95923771113367], [-13.781881890087195, 395.63728130817555]]
[[-59.26142959846187, 217.8700057498644], [-74.46630523092558, 34.72243040264829], [16.89158916159476, 274.6483584180309], [-16.77228899419118, 33.71640497374593], [-0.19580316409350473, 359.986413061839]]
[[-24.614430041314513, 128.51338727887264], [-55.81166819276366, 75.30320498922882], [9.244533463189569, 336.5181083069942], [-25.31241914102228, 47.36799939709611], [-1.7091014138869483, 309.8438059589938]]
[[-59.10001188313366, 202.90312497134516], [-32.54624929032013, 101.01151945391378], [6.28975552807224, 352.80363530372335], [-16.991065194729273, 50.567690403784766], [8.815149004117654, 387.882064604087]]
[[-2.4858081418322504, 211.6711543405476], [-105.40088159679595, 3.8415873635714055], [20.0, 395.77481812083226], [-44.562571073751705, 19.385590267018518], [-3.4604772975583575, 406.7612550395493]]
[[-74.63548946509232, 153.0502661632748], [-46.9017213342187, 64.4502864429864], [13.61531733107101, 324.22743297058724], [-7.352994736225396, 45.790396895291636], [-7.640919598762835, 381.9508022154163]]
[[-4.15457964744145, 211.1751422863864], [-96.76671840058088, 33.15873314925175], [-10.68188262368584, 351.743520175479], [-17.19307711230816, 45.68098475112135], [25.234950470776628, 318.8326695571523]]
[[-5.356516165689996, 212.83232105673014], [-62.98118320473641, 63.37815081228975], [11.59023520326303, 351.0788236837758], [-19.87658901237866, 30.256298487245836], [21.053298488086448, 402.4803626645271]]
[[-29.83589942937065, 158.07590832814458], [-73.46742377368449, 26.947177671912055], [9.639491566376265, 310.4079345486402], [-14.40698924541951, 37.08064513838789], [2.4204057922600213, 350.714982578356]]
[[-88.71203719207264, 155.88084459426923], [-88.06207013172204, 61.38665077704827], [2.9457799743488486, 372.1150481461323], [-15.673424327633796, 38.570262583506114], [12.246013304331736, 335.53203395956416]]
[[-0.35443698682544955, 178.43911568432674], [-87.51768775675251, 82.68350996258228], [11.621226675737411, 345.8011207036483], [-21.772457038476567, 27.182650621201386], [18.0, 342.51226513849014]]
[[-4.868559281060724, 138.2744632848588], [-96.49673046410689, 44.99301546170347], [17.426564599206834, 361.65306552823034], [-28.424305208371408, 33.16354941932768], [10.95276957631217, 443.7325659214187]]
[[-2.381710893991694, 209.03339269892186], [-76.00647380208184, 81.69165225074708], [12.625161129658684, 379.5526994348823], [-30.459084609486204, 44.173973294719524], [17.061782424948024, 472.5645684396138]]
[[-42.76322024857704, 160.40980553876568], [-65.92013366229966, 42.647938267443706], [8.001482380665012, 327.57849063035724], [-27.42612231719623, 41.4507407680354], [11.405304723172819, 470.5422664879129]]
[[-41.28702943998066, 191.8270106612293], [-82.74179242452891, 58.99881101312165], [-13.435242846166545, 342.83815620608465], [-10.528792336655329, 39.79240210991936], [5.864366705297346, 380.90540181063375]]
[[2.265445259491649, 200.5949945090637], [-48.40422136707228, 32.71965676297078], [4.787268998654035, 332.95005215164804], [-16.480382524174065, 30.208855614567746], [16.530104241222503, 391.03784457674794]]
[[-29.9235522184085, 151.4919440896636], [-99.04317653932202, 25.846452600886476], [8.5731356256881, 388.3526788709488], [-9.764628213456907, 43.83517699340646], [17.09098846647406, 449.5392223669038]]
[[2.624114005129986, 220.38589729650934], [-50.99352393002294, 53.90972957448114], [18.513508837002043, 370.077527655342], [-19.16702927606685, 47.39902468357282], [2.3930176391703153, 404.7391105361319]]
[[-26.6291825134073, 178.69945457052725], [-76.99734934024323, 44.45873510806205], [11.988191184851392, 305.93960900379267], [-24.53529670199283, 21.385234701918208], [14.383041319092799, 370.0646151016334]]
[[7.93888303244929, 203.9601356779947], [-74.11443952868746, 24.76274120043522], [13.574111165266618, 299.0763813078846], [-4.410490356569126, 36.659314456252325], [12.90455395893816, 462.4491010704819]]
[[4.816191701861358, 221.37035445204947], [-94.02258388560382, 8.41982966174319], [10.989650878835272, 384.9003317821204], [-4.995087750998296, 36.16643638536095], [-11.101433797174572, 362.05519093695364]]
[[-98.27708564313335, 184.59103322991288], [-83.91192211623893, 36.20405365141961], [6.2907544737497805, 320.94063588680734], [-27.10516404567351, 42.80159991078109], [-9.446912194670631, 345.153589518815]]
[[-30.59752755716904, 150.83822966789458], [-52.98790544848403, 68.03178493659796], [17.120770684196884, 342.47317864368796], [-29.125201806138705, 37.18129633071189], [8.660982687143154, 354.91974552865196]]
[[-30.15252091497021, 156.5964726420229], [-111.09027074176481, 31.886567533737768], [19.715926352734233, 303.8108589352223], [-22.219813749224727, 35.072670957175724], [-18.460188477253347, 387.3211012825039]]
[[6.06126002462257, 179.1260810185324], [-100.79663516806986, 52.555932306577866], [-2.664032236773398, 317.8592012275215], [-14.295953130843849, 33.47420923780628], [9.75172723867614, 415.9698926180882]]
[[-14.696569467725325, 197.43552338774725], [-106.29812227574094, 27.776476529519865], [17.49450537433433, 359.78905748550557], [-1.927649187520362, 41.42415856211988], [1.7540946222366234, 273.01984426907904]]
[[-16.458851888766866, 145.52877321167333], [-83.04935338746844, 77.48975681084981], [16.872597903666737, 321.36473253861675], [-13.06223382992124, 39.3470060391358], [19.574791044225314, 404.84196166592056]]
[[-39.41293997699586, 182.53981753916545], [-107.67482077442858, 14.234602274558318], [2.269578309289207, 318.35898729071613], [-11.361350780985212, 47.62544760429799], [-0.24987057562212556, 394.45108178138906]]
[[-79.67515296449307, 183.3852399823823], [-57.066209079224635, 83.70693612952824], [10.680012687232601, 320.6394486839098], [-20.279855379226916, 19.623746409494274], [20.647197804094162, 388.93639538861106]]
[[-20.77522034179794, 181.96806187791472], [-119.26912587654701, 31.395108328793757], [16.805540034763666, 244.1835502208923], [-9.023269146195858, 47.77496317072519], [12.691627756432283, 375.82324619949975]]
[[-42.69147252803412, 194.03217259885784], [-83.07090532213647, 83.53437048542052], [12.236062333664325, 341.36137013551075], [-12.417699775206982, 37.523650408831685], [-8.696803694883787, 438.25636526203317]]
[[-26.292577998773865, 205.90730504741362], [-66.01393534778492, 48.3451107352668], [10.732125822723908, 348.4800346621861], [-20.06380719814339, 25.451570811685997], [16.244694228327155, 350.82943454176126]]
[[-19.061617582634526, 223.1551916451157], [-105.30204475015586, 25.569977584496577], [14.933479868844106, 342.8107251788549], [-13.783889182862586, 33.834519512185814], [5.036498979042221, 387.1591283414803]]
[[-12.783936500237271, 125.1180854574176], [-58.79019989568416, 76.38511196496322], [11.624713967514477, 326.4504374423581], [-13.528923742332147, 34.335222147049244], [11.172413919512891, 372.92545363419543]]
[[-9.956804005509937, 142.55735136187212], [-93.04494934243341, 20.386701188952674], [6.265130818370341, 343.3001881216439], [-5.197925801412086, 31.777799983861726], [13.265190545970501, 403.2363948881528]]
[[-75.23339602063393, 126.92135222946935], [-70.92966958397193, 105.25109080027835], [3.5976668056045575, 370.07554124237123], [-36.64207893771541, 32.9211893057567], [24.0, 394.03579486372166]]
[[-25.392861198074613, 193.24149455633759], [-104.90698002271782, 85.9818704052824], [7.31995038402729, 315.8472631741468], [-3.7356643536028376, 44.311455630555244], [-3.0293637434905776, 327.5463036547605]]
[[-29.780664324745636, 222.77698777386385], [-63.50668026836274, 63.68250465833715], [0.28401067174234385, 361.18638348616327], [-16.328076687873107, 32.95551088199692], [-4.416257344058394, 370.2360408387821]]
[[-33.09421784949172, 151.5691736662265], [-77.88709423714249, 46.498063327724715], [2.066024126000233, 318.10657316353786], [-5.3511452913830375, 43.675469303741004], [13.842929938466302, 394.47646435286146]]
[[-9.462291961882634, 193.10937574208265], [-81.14086491494311, 43.17068867708625], [8.821962163948355, 358.9500005643139], [0.01813579606658111, 42.21067672575296], [-53.27229248334976, 374.54991924141103]]
[[-7.0166337863271835, 163.84751665714293], [-101.5280902927645, 18.85863563841676], [8.274821813143667, 359.6764559553023], [-39.06028638826832, 40.02593334223793], [-11.224549663793223, 325.2004552748115]]
[[-24.328736384791036, 200.3770021193759], [-44.192439407852845, 62.06232667280872], [3.324596541177605, 348.9943936833894], [-24.45904205492096, 19.479893046798814], [17.272041596405863, 381.6714911759713]]
[[-27.672045106140338, 124.60987296112432], [-70.11128994634247, 56.38704737313834], [14.099301809493372, 357.0843210381698], [-22.38442413497264, 41.5436710853936], [0.7685607697698629, 359.1370865490997]]
[[-44.94661334555238, 197.39662082832555], [-92.13775977382201, 21.367605487778622], [12.297405079341937, 344.1441448402886], [-12.842463698020797, 43.10253939546326], [15.004484958287346, 399.4537349362088]]
[[-3.6635868830659817, 196.99092389282893], [-74.86224143671971, 47.72174499727993], [18.80518064463824, 320.8850072844993], [-2.3290728524312243, 47.619356796398115], [-0.5704294681574353, 365.9100815199702]]
[[-8.384620240181166, 135.07584532566247], [-43.480005235051834, 55.4055757835841], [14.05702917850463, 348.16779518862216], [-18.830263441872123, 23.520452242775715], [24.32801980606525, 365.3795033679206]]
[[-34.93916879452983, 183.59863218399266], [-64.34661149626609, 35.15224042097841], [6.809125439119125, 391.23964710764017], [-36.6610319003297, 28.65774382032883], [10.56111290042797, 365.4954126789958]]
[[-69.16864218920792, 195.53565774790292], [-82.59880676828271, 99.96929890601263], [8.05466884156121, 308.04575099689146], [-37.840318462701, 50.53542217957302], [7.158714921855099, 393.96257585617394]]
[[-11.807403280103877, 196.9901153584038], [-69.82717696571792, 64.89457336319487], [13.09356403219587, 310.380824826405], [-8.519364567583828, 41.804425939243586], [0.0, 367.7031994889042]]
[[-46.29681796820481, 191.39154582600017], [-50.792607696334215, 62.69387488623677], [1.7478964729180468, 326.7546584757564], [-12.308710542078858, 29.26028142675488], [9.670878097409316, 399.5619842285637]]
[[-39.464530444988654, 185.6335307176403], [-55.685053608498166, 33.08531556326776], [5.768830887045043, 412.16033949304403], [-6.723284843175122, 42.96881587695906], [2.4224578363867337, 423.84983204696084]]
[[-16.87645799758146, 195.50979047973243], [-60.598842394803924, 50.513091345799126], [11.770033208423891, 368.41656122981175], [-3.1800484277126495, 43.84918189872676], [15.119356987800515, 388.6439113234764]]
[[-35.073371537625704, 196.1016710917843], [-64.83072326087463, 54.675592008738185], [13.176293522265109, 345.2491431576199], [-11.036690801262678, 38.454731250069116], [-22.760581315069878, 378.49663408524566]]
[[-35.16622110929258, 167.6227771038101], [-73.695513648878, 40.528085496077765], [6.614122415307502, 301.53013523093915], [-40.85201498876155, 27.567006161821737], [9.6034311488837, 437.08357616044424]]
[[-41.72361152736642, 183.81561876090117], [-62.70452614837285, 63.84341243513669], [12.402012688839093, 365.00047518765194], [-16.961253834333984, 30.964200737816316], [15.15638333300447, 367.9543627396088]]
[[-50.21499682885462, 160.3687024316665], [-62.90874104740898, 36.69583943505797], [13.227568537803288, 334.5779081481982], [-11.310707719842231, 51.34420141043026], [3.3104456077676456, 388.05484934638946]]
[[-51.482293229091155, 176.23979920733245], [-67.72231517964997, 56.17672662288411], [5.7842033871797085, 313.2861387184068], [-19.740668461232872, 40.9137342452759], [8.785585979365742, 400.00138289623055]]
[[-20.29948424722699, 165.64835159938247], [-71.1036844020603, 45.55220660314542], [13.704870954127523, 323.74912045397025], [-37.43214139537019, 27.03839488148177], [20.09502196591105, 390.41163005619535]]
[[0.6315984332046547, 156.72324960831344], [-87.45570868512543, 37.404927509517414], [11.735521073757308, 309.99643517904553], [-22.32164982640686, 36.019028722427024], [-2.350561823914049, 389.07240727722063]]
[[-12.23079407792845, 160.02881328033683], [-48.46344443342123, 92.25467988284976], [10.963795777735609, 341.4384984812367], [-17.205332521153473, 47.5641616226124], [23.781779039931514, 429.7378615734664]]
[[4.352237477889717, 170.57306507223052], [-45.71385619162849, 56.408026872094226], [16.43885590049282, 310.9471232490163], [-1.361329988870052, 30.732302365702015], [-44.14590044016667, 362.16346023609526]]
[[-18.498754472080513, 196.81609196480454], [-92.41505174310332, 38.86938536178685], [0.8813652159588956, 394.63942172107227], [-21.98016597277416, 36.500472668455856], [25.80867132091081, 316.3075201089922]]
[[-26.573782376179267, 154.77763888610275], [-99.65317263913474, 31.681828876940603], [0.5614599409053378, 345.64137593024685], [-3.594509781152637, 40.682567443756845], [19.06230877733018, 409.39909945747115]]
[[0.6241496830551654, 193.7179092745879], [-65.89601108376314, 74.43187598133672], [17.74757151219521, 323.21124571031805], [-5.374953914767501, 49.60161056122677], [19.66374303127816, 390.57046479644896]]
[[-18.871496615162055, 183.62909808705558], [-100.993932781146, 8.304531762427459], [12.850152033958585, 336.30468918116577], [-7.539745032668309, 33.711993206167506], [9.32079008110138, 489.88487595499583]]
[[3.053884008841917, 201.97600060111213], [-83.8581954124745, 44.755161351257975], [5.237481030639888, 351.4474938117264], [-4.315484508638305, 40.74847152650288], [4.16787288778601, 379.4226906965122]]
[[-14.639849713617465, 156.15100246759695], [-85.6180383635487, 41.392367732353186], [17.32349635682637, 314.75636931366637], [-7.13017413269403, 43.25339925593723], [14.09214123257964, 450.7067975783116]]
[[-3.0536262604816145, 216.83661018133873], [-89.64749792645198, 21.031382640045166], [5.073716659586976, 336.3679831512316], [-30.88489646638955, 30.189545572593303], [19.982564177271872, 366.05765397704937]]
[[-3.874102066579951, 182.7408603247095], [-33.45615308384916, 76.48196313316758], [5.459968937421888, 353.20209622150566], [-13.35956685783845, 53.95611964997442], [2.125327751541052, 385.67827982768347]]
[[-4.2262952634188, 211.17120975151596], [-86.54599581886393, 5.0], [4.098894467866458, 349.01266090352453], [-3.282799389895861, 46.68411296247896], [6.0, 366.1288723617713]]
[[-68.3486686967515, 180.1896871031606], [-49.79699031902815, 53.93450086443931], [-2.0335916791798, 357.0867212739222], [-3.897785978135693, 38.82303520204591], [17.98189687382584, 408.49569625797744]]
[[-11.764078477813133, 207.31388270161705], [-44.175101285156984, 53.09475164213429], [3.755988616378878, 353.4909972513261], [-27.118507860169327, 24.835663277531467], [6.829524147787062, 441.3655925588355]]
[[-44.666976972190476, 110.19634253785846], [-90.51209625571796, 9.337278523031301], [8.818589616134737, 352.16637927918816], [-8.791171840567296, 43.147395255491375], [6.370657941761804, 384.989272912375]]
[[5.877930980165272, 207.73409148312044], [-114.20267299585478, 7.42883646764839], [6.180848727837188, 319.0802369269055], [0.5500285017936397, 44.19729135003656], [3.5619344345375774, 398.0071031289346]]
[[-21.255680240379434, 161.78500784498488], [-116.5151894052635, 65.39313065026832], [23.0, 343.00753076055327], [-24.344224399661755, 45.47807927472699], [-31.701681183519995, 416.7465872417531]]
[[-42.921008942830966, 210.19718418195515], [-122.35806848159717, 72.62993815464455], [12.575278090627615, 352.5738903963729], [-20.585219893701602, 25.67632879511392], [24.75758281962648, 411.9400610369022]]
[[-54.14450283000129, 112.40050229720077], [-92.74652205633909, 56.761787989903105], [12.203288923631465, 363.0387272844223], [-11.457422775141886, 45.039533347804614], [4.6511793700201665, 432.12083016313295]]
[[-48.07021496086034, 139.48157683839273], [-94.97036538623806, 25.18203294493706], [7.783478062355436, 325.6745594387152], [-37.06011431369431, 19.748373941361585], [-6.991805320508831, 426.3487947023591]]
[[1.6079052482191507, 177.4448159104839], [-80.21503975890008, 25.47751974676722], [14.87591506423147, 344.39659066984404], [-15.987857205768453, 18.176934407414734], [6.441967969241726, 387.37774399392185]]
[[-45.34873080586949, 139.76932897124942], [-126.07217461739268, 46.688625517122375], [14.365315338234065, 355.7512241787161], [-31.580579153463276, 43.58754105351744], [-13.402238681776595, 424.2783761306776]]
[[-60.70429737473451, 110.59204064996214], [-62.15965724947257, 23.059944321604974], [6.849904420730951, 366.1243074131782], [-0.7880678084615558, 41.9303360977318], [8.128808037691947, 409.0890945977283]]
[[-45.39938899386535, 130.1526939997906], [-65.17739596177199, 46.62840945893234], [6.138639740093566, 369.3405268710962], [-12.325052042982769, 38.03947384143446], [3.853515739073309, 408.3105641686529]]
[[-54.37243578920307, 112.95906315037641], [-66.02103942171244, 56.92593717208102], [14.616070266408986, 343.0163247036251], [-3.544293794166247, 44.3934501732536], [-16.13882123051509, 369.628985729148]]
[[-14.03366961723438, 150.5162111810937], [-106.40358250456129, 50.582395458621534], [9.11769362907183, 335.3270366694796], [-12.225125212328612, 46.546781054579505], [15.934253858826647, 354.6034350913627]]
[[-54.639176614793115, 117.34359056890173], [-56.62484990814666, 95.11666335215632], [13.695047850155623, 322.3403882283119], [-15.94757670374322, 46.88896408572211], [10.93809537630943, 408.83318856295523]]
[[-17.780400047275755, 189.83087271428604], [-92.47024933415786, 14.310122526088744], [10.547770158176561, 302.1339971918112], [-7.516172165149987, 44.24207411933424], [24.059546829486617, 398.13165674279435]]
[[-4.623857450909888, 192.07584200117176], [-91.42712902279189, 14.860451724331067], [5.430216405056811, 363.00051538059023], [-16.059980342861063, 24.432363307318745], [-0.3504008249153898, 341.9658200377257]]
[[-90.54504746704262, 123.14070547349243], [-91.30931431571794, 40.18982438888607], [15.513641869516292, 353.05055643814137], [-22.47724227947512, 34.81563480798797], [-16.692343794692594, 440.81458331347915]]
[[-100.91823173645165, 157.51079553954008], [-116.53877555198609, 28.898171185510872], [6.9228576245586275, 327.84165596637774], [-12.132767041652102, 32.545106693652315], [-23.512948978970947, 421.511495779907]]
[[-22.54930882243704, 192.30407555184493], [-127.4531738035293, 28.32353399388288], [9.343118988731828, 367.8768391972496], [-4.825438625270301, 42.90315487203459], [13.448553161803765, 399.52100381270606]]
[[8.241476791969706, 220.27669193604902], [-92.19206632217927, 10.700562720376873], [10.41969525261298, 331.6737100685794], [-4.72509828026556, 37.02709867727352], [0.8270156392442232, 375.0877818387027]]
[[-24.70806975870643, 190.95249982211672], [-95.17432879018952, 11.073610501650114], [3.088017040852096, 335.0811276439906], [-42.01145193721739, 25.31887099698595], [13.625707028718153, 393.6831894741914]]
[[-6.3831435469714215, 223.53656210362556], [-77.522089948794, 22.514480407980827], [10.952525753053944, 330.5439077745105], [-11.15327406533703, 44.899452235554534], [19.0, 363.3931191852342]]
[[-58.617107266788665, 172.89144810650953], [-71.11924371425695, 55.63452193558705], [11.476958800825901, 332.2487398234888], [-21.37354367169296, 38.44543405962321], [15.656985474916494, 455.68887788985694]]
[[-12.085265739933424, 195.22837537998805], [-93.20401614733198, 59.56976922600913], [12.314695844549288, 339.1786261784226], [-24.693864921083723, 15.540265917141646], [-1.4666746645489397, 401.5150738613752]]
[[-34.99126180949187, 182.0585925015401], [-106.02681885393343, 14.873772583919713], [11.048801729321784, 306.4183529915994], [-21.11979191611423, 40.346476433911036], [-31.04615820834271, 345.1776931666024]]
[[2.067814217312705, 215.67655628011488], [-85.02283057750802, 22.57090709150023], [10.122860561085929, 356.5861628405686], [-4.642617051902539, 40.933977703835296], [-19.119046483417556, 351.07783633916034]]
[[-38.43853322858118, 137.2661420055575], [-86.33950495897379, 47.343624783832915], [21.32912210339031, 325.00499751765835], [-6.352551366101909, 37.99952969667397], [12.964611290806424, 377.8741274965003]]
[[-21.880915733490607, 187.1574630592038], [-70.84705799024775, 9.665267935467087], [10.092304103651847, 356.92208055246755], [-12.447429907004121, 36.76057912323586], [-5.316187827797322, 409.5512025586628]]
[[-4.356223624371516, 196.7741752991019], [-77.59384609422038, 37.62817383743465], [7.368323263890254, 300.5472521933878], [-40.94369609368533, 41.098800451884884], [11.61811130090559, 381.86260253257757]]
[[-52.712873312431235, 193.7520544336171], [-72.05062756554238, 44.73000758046635], [7.0902274213944, 288.919713770525], [-20.043626698892798, 33.54110466139053], [17.225366575132462, 374.9018120290828]]
[[-15.694317933255544, 124.20830367009316], [-91.50504140299805, 15.851939677857603], [8.622497220876063, 339.496970424473], [-15.638636734533073, 46.33106275453117], [15.60800475306864, 366.3912573809166]]
[[-22.116556158017783, 142.78941646154536], [-77.89335391528803, 14.39023096922163], [18.785342491601966, 365.9386068957882], [-21.819248111800924, 23.118325220894484], [9.888181718315826, 390.5767610806239]]
[[-28.562946522101456, 168.92364151325248], [-52.6557463493578, 35.35498635954696], [5.719299527273602, 304.9223112647745], [-23.15827222481383, 41.23895439187358], [2.587904880911701, 362.28087480695643]]
[[-45.95288558297744, 157.96190347641266], [-85.47850167539136, 38.75975504007455], [18.508573792688143, 329.66912481395326], [-18.693571088161033, 27.21190248698609], [-2.0672375971965877, 422.2752421248431]]
[[-106.70923484575118, 185.30075144586448], [-36.49227313483026, 71.95380696941966], [14.017977850569832, 310.4054794761651], [-19.19288153704957, 41.18272521990924], [-17.080979958454975, 382.6357209846281]]
[[-116.52073903664035, 151.9962819233524], [-79.30555056480543, 61.549485118887674], [-4.062920789243478, 336.361101873139], [-25.22090434497257, 25.333615412868696], [6.607296070501011, 397.97305813635427]]
[[-4.226704263061375, 198.20824749038775], [-114.0265091289065, 30.910531298529936], [2.7113336386818476, 385.97527911093516], [-41.03351169674725, 10.94872868155909], [15.59845329218971, 447.87063534820027]]
[[-51.452914619541204, 148.81278548729648], [-121.09520603662514, 18.14345956078391], [18.0, 347.49438832948044], [-15.587248578515936, 34.279657798099976], [-5.297629084474043, 391.4054760173827]]
[[-10.802160868995536, 204.58729387460303], [-108.90986734902938, 66.12488774561449], [6.924083284458415, 386.5699096709524], [0.046903684281637936, 42.32606809658807], [-18.784579898589744, 353.07014598374985]]
[[5.505115846231198, 188.1898616531317], [-42.49170080053841, 63.29554551229096], [8.251556695366489, 333.9093635817574], [-1.1389182495586079, 42.514360942769606], [17.127391919643912, 388.5415713516594]]
[[3.7199537347208125, 169.0374897466428], [-102.74140834641494, 42.78763574088536], [12.505207752686069, 362.470016783052], [-39.96974248123648, 19.687074939577222], [-30.044905062441174, 385.77499895196854]]
[[-25.122737944481408, 176.55206403193708], [-81.95616435452739, 45.245005746661406], [16.446885506513958, 375.04250330402755], [-39.16282124869798, 18.592893604115233], [-36.37420366243174, 369.40555863572797]]
[[-10.893862445521641, 235.40717560954798], [-57.50148717768934, 43.578658441399554], [9.081732842107026, 341.2002552597485], [-17.02273441566219, 38.337543548872105], [18.0, 382.6147683398189]]
[[-4.822322809986261, 173.7593413701262], [-86.2497593575923, 19.115998610472637], [0.2345183659150809, 329.5059613357621], [-20.020112408158287, 43.75384662150465], [14.91861847103295, 372.11727937659697]]
[[-24.68587481592133, 223.12506734173485], [-111.16854459362224, 17.71256637669771], [9.610608223970655, 342.93637142557884], [-27.00568276330595, 45.438917457193575], [2.9890622913217193, 366.0786360386669]]
[[-57.0805545586975, 152.225206611625], [-93.1876175454184, 40.93093972909328], [7.498559405927768, 355.7098443868027], [-14.569384716185825, 44.89972503447303], [19.18571363589809, 389.1868159498294]]
[[-23.534955263764566, 137.36681632037278], [-97.21525468342116, 47.34452987171076], [8.29112350535304, 338.20164710115455], [-20.790083713689064, 37.960808156328106], [5.515767282475078, 359.8588288204349]]
[[-33.248539360105504, 125.89915465275503], [-95.70305393798881, 18.258980631615255], [16.9402569208156, 346.58217015129543], [-22.32655240374629, 30.56988333447545], [5.300296093789701, 381.67953527774193]]
[[-7.110568386655922, 197.30708833527095], [-61.65591161549129, 56.44585533429496], [2.7530630738356887, 375.71468887775814], [-32.908122971061765, 19.517336334614093], [3.9297402959642387, 392.728542124422]]
[[-47.67878022971196, 194.342202782872], [-45.46208281287962, 72.34082056400284], [7.218960472288723, 354.83338297903094], [-4.832690965720381, 31.980904240668522], [15.267976194441347, 342.6950069583823]]
[[-20.77619220735903, 229.05267006984178], [-59.115823363631705, 46.04886225981497], [19.937597092787133, 277.8342826190831], [-10.090926063220806, 41.04876681006181], [19.912573499959173, 351.78995984507463]]
[[-50.83657971590566, 163.696341660425], [-105.30321233314552, 25.58986088792459], [9.030320776654499, 355.40704326073916], [-10.119745384840122, 45.70948761489587], [-0.5931061501301222, 366.76426810936493]]
[[-3.6833012111327186, 187.04954563740168], [-52.57672869624358, 55.658437001264545], [9.764184449683954, 350.51544244382455], [-10.57968682178453, 30.94270795676918], [5.977125972201042, 345.19046079216065]]
[[-8.761948925599551, 129.74714396411468], [-38.96351851054662, 96.5685375382144], [19.08341348004248, 363.6447789218607], [-17.974304000685777, 47.96046414266949], [12.774659478259943, 436.4165930228226]]
[[-4.142653841094774, 193.06687000088664], [-32.90435452059743, 68.50761118486459], [9.681260276048246, 380.1990316076148], [-13.699612352776771, 48.17807747880454], [10.747695702749857, 397.35593395185145]]
[[-28.310481520773727, 129.54054334075855], [-81.14820243251411, 21.70283555846748], [18.74834120990775, 333.57942826926853], [-6.227170173935438, 33.939466543788406], [0.6845672398953582, 380.33892372977476]]
[[-47.61725255228092, 117.26078019404537], [-41.916002984946054, 42.07839704806168], [1.1985002993660068, 339.4320546449059], [-48.37627640687079, 27.886131226645567], [14.683675723776709, 481.0664936817068]]
[[-43.31904216292672, 189.30523317270084], [-69.41344558342877, 69.22706164946182], [17.95701499806384, 327.6980385841141], [-12.119625735055855, 32.69188543447002], [15.192968402457536, 452.637926693459]]
[[-12.8160633496429, 172.06031852343634], [-102.61162727952826, 11.021545430622412], [1.5123919020214256, 332.5234033270898], [-20.7382368612449, 22.321646689597213], [5.148845820260156, 415.90586380258213]]
[[-10.897503841560898, 151.22652564621697], [-77.43747257200754, 57.37954771636587], [16.60160523076759, 369.6196955139268], [-31.738675801211393, 14.492767856460121], [10.052984281058205, 391.8803153021998]]
[[-47.97808090534291, 132.33998306469948], [-101.01086672812635, 38.354332917776034], [5.122524307662862, 314.99965486384514], [-25.352680503348637, 32.3636718092733], [7.998453391454222, 334.0091056489829]]
[[-4.18864949710215, 162.31393390104066], [-73.07909614399176, 72.23940616369804], [10.122273862450946, 346.5687623435291], [-28.927369241864035, 20.661013809861554], [-7.262125130583517, 384.1030671306976]]
[[-86.89529222590244, 173.24440690096648], [-98.81779367852181, 83.1869114756597], [5.014843537189858, 326.760286557686], [-15.570876614495784, 38.06365107903829], [6.88649742559511, 379.4466515848061]]
[[-73.26614645747165, 118.9078228787584], [-78.23338555074437, 23.167246146128242], [6.725671540845274, 324.0581024482158], [-23.32941739762599, 38.49796614080272], [14.644561972689512, 408.1660136095807]]
[[-26.103874797927517, 164.36043118742887], [-72.30454212543964, 31.630500703365602], [6.68987011615238, 368.5874376344299], [-3.4196323105866835, 36.808985796383475], [22.077488587371484, 413.36124439580703]]
[[-22.14174255756562, 139.41422807363722], [-84.2366074335078, 47.73253185735189], [12.335723331646022, 403.0917076417019], [-32.31574320093336, 24.085135843008786], [-18.557208784295256, 392.2616655667816]]
[[-7.125721661880867, 159.7800002367893], [-72.8565017201112, 47.072834556443965], [3.964891419251356, 354.4071563475688], [-35.73530981616169, 51.12401858832309], [15.450183401670612, 378.8126241731708]]
[[-27.585918901847627, 207.60004175323294], [-61.28453206608283, 45.335494240443715], [8.5749402758633, 332.8350852149579], [-6.925856764391021, 44.471653699850506], [12.686906590394722, 372.04504467248415]]
[[0.8044966828651114, 206.7541168989706], [-106.7280286576522, 94.010639739377], [14.231749658167832, 257.40831357866904], [-20.99954377808706, 40.93855803140682], [10.8025092555491, 408.25628938338775]]
[[-15.607742288795919, 179.46125510155946], [-63.59758734253484, 28.386572678482985], [5.437557497856669, 328.4018585662086], [-38.67749004671337, 37.159009401626825], [1.7586479039630487, 356.739962019156]]
[[-32.369724501568726, 173.0063227734183], [-53.243002866700785, 49.86229245507752], [3.8274303566162713, 302.93033846732845], [-1.2176016106420438, 53.24424774037235], [14.962300999915088, 485.37634677738254]]
[[-29.46525267781894, 206.3843527976353], [-108.0672333314584, 78.47717528490413], [-11.312554918051845, 307.3235870561104], [-6.745457026679457, 45.88473113514461], [29.0, 337.2708585561452]]
[[-14.474961159504293, 147.57421208508498], [-53.99981315713494, 42.190495300744324], [8.570465168737853, 408.0691268312318], [-17.32971108389688, 31.940702237214012], [21.0, 342.6192391818865]]
[[-50.51850081332736, 176.42765439848847], [-18.748546062062196, 73.24361707178727], [9.34218287960209, 383.65995560946135], [-3.2747993964639477, 47.01048096396674], [13.748532377919, 374.7738122817108]]
[[2.5658484219500868, 156.94531079525572], [-85.87453048458003, 6.10432584532869], [16.0, 348.91521864149513], [-30.77821358874273, 36.62127542971918], [-16.74351632949734, 400.93167189869746]]
[[-28.19594356602964, 206.95482194103406], [-82.97461251405063, 50.22997831438321], [6.36099296833352, 331.3704441224616], [-17.64884973514387, 36.25219787368321], [29.0, 362.26176665286647]]
[[-18.86028953402949, 138.284411190372], [-38.89705714894902, 95.59659765049987], [15.957200755277894, 349.7110436629753], [-6.963356171792411, 27.014934566872913], [14.34238949303181, 406.93435303408495]]
[[0.4963889299163782, 201.5594394102236], [-91.67963061605111, 16.451004803225004], [15.313660937303428, 340.55799871568496], [-19.67185302904202, 28.923287988904605], [16.34847993528225, 426.32427162942366]]
[[6.439718005721842, 211.42394194430426], [-46.224264739150954, 47.80612565583523], [8.187044354293024, 286.56668527282187], [-4.235658226350895, 44.63278795837856], [3.73421860158283, 396.40952505583874]]
[[-40.43927167433507, 195.14528439693026], [-57.61992067795596, 54.039629757373106], [9.802606304368359, 316.1749121821055], [-20.534441316355046, 25.847494412611987], [1.4829084292160823, 390.1774295205084]]
[[-60.67207267397833, 92.77701643630418], [-85.03203613365262, 13.023953712661374], [2.3417412581703694, 322.95863524628516], [-1.0951757237411766, 46.499392732625495], [24.70016351977765, 361.1606970964933]]
[[-2.1513168761942794, 214.1427560710185], [-68.6943735287324, 37.96478976359553], [14.946217317829436, 362.10260518204507], [-26.76041961471131, 31.07271217829973], [17.88743174171166, 382.780257982321]]
[[-35.1693661515866, 192.67108719497946], [-99.38806977456186, 55.62311117646223], [9.518603995843137, 373.96154246963744], [-22.49281134782248, 48.23663065942794], [8.689028593198298, 396.5067101580685]]
[[-34.27229198306484, 175.8380604883124], [-66.10026245847239, 59.91544671506118], [12.764051330726604, 327.7367624021415], [-32.317033592255235, 38.49719353543338], [12.705977575138864, 364.74148772504543]]
[[-6.917430163414696, 192.42563504785312], [-82.03264881864507, 24.57356054204875], [10.802831579115733, 420.9285024157728], [-11.04709611168274, 45.96935115655529], [12.305364767666244, 413.7788589768176]]
[[-9.576688481189986, 181.04006214868568], [-65.86175150778062, 22.704860943836344], [-0.17760895176071223, 353.09069873072184], [-3.386715671706461, 28.56449837832757], [20.422269948782837, 392.3269007783957]]
[[-4.125716077701561, 192.91644822423703], [-46.98386084766881, 51.50229892345611], [4.286056687571692, 370.59326033219475], [-38.401269041175325, 32.638899046166756], [7.7430125971699155, 409.9502824365346]]
[[1.4174438420470028, 159.0985351008748], [-35.649962754843884, 45.54169854306235], [9.0232629693941, 339.4763990937914], [-13.181936647824752, 31.46850251777437], [-3.560597059793283, 434.2433817961767]]
[[-18.567184507295103, 190.3713108422097], [-95.07843750689976, 4.417146823989082], [3.645250724177638, 304.54010682538916], [-11.432380511683608, 45.98068753655937], [-30.724722394598885, 303.6436486437425]]
[[-30.779549391827345, 206.5715326880895], [-100.21350742478364, 17.303224563003823], [11.16974210617404, 298.15721181943144], [-4.146534818827646, 40.214974372794444], [3.2134707214655602, 324.92076499803386]]
[[-63.9554892830637, 212.55183516271563], [-88.86374596996858, 67.50101538911784], [13.128020796339687, 338.61407455253277], [-2.9753026719197777, 41.45469888456484], [3.1628315377649874, 384.56889555456803]]
[[5.032158179463606, 227.50563442769857], [-75.75518051172436, 36.5400868503349], [6.763739816582014, 378.7427618119026], [0.2566753464479292, 44.025407616002184], [-2.3209149186713987, 372.1124519245209]]
[[-37.6482561196565, 125.826964955033], [-89.57387604659037, 23.343461917025024], [17.228524824610254, 361.2806383752414], [-12.41166419113816, 30.870277685791244], [-7.005483093268268, 420.3097097127778]]
[[-29.766703323312775, 135.56321296250695], [-53.197556390859674, 69.72756121728243], [17.367282955356107, 329.9269572481444], [-13.256888243849609, 41.15412898413652], [-35.09823696701358, 407.15811779519237]]
[[-42.619103293567626, 202.17973264440036], [-75.01926952360822, 56.047504747771065], [22.00515278028777, 334.2598370778054], [-25.78078882331481, 33.08384058021036], [-14.986850628599264, 416.1489188785001]]
[[-32.15710512667202, 173.28331134741848], [-72.30527489842167, 68.28154845471776], [13.378740237808369, 291.75532861205346], [-6.621520502006817, 45.924158690307806], [6.828163563678004, 343.2439860503376]]
[[-81.0341580380804, 173.0673120464083], [-60.00334772133098, 65.81968162357516], [14.654308842498796, 367.3621122180298], [-16.737642467222923, 33.139306863085146], [13.179031171395524, 476.190026852096]]
[[-1.4673933716083845, 219.46924909453068], [-51.65472047306869, 52.3594487551952], [12.166283009059871, 302.91072352215485], [-18.605426581960682, 53.27379626717622], [16.16544232338753, 364.74423151364414]]
[[-22.73946399437237, 161.7269124073131], [-82.33006541346468, 79.43836633140185], [15.807729661580652, 319.4283634966403], [-14.78583477685357, 44.5307783543051], [-42.64314163104444, 350.8926743398912]]
[[5.667102475088091, 195.12010603397076], [-106.13695601954092, 16.729512162060928], [3.5778011020723537, 339.49757976379533], [-31.554326648078316, 38.33596180400699], [20.346508917826164, 342.0280456600757]]
[[-15.447443495553355, 177.71435665063098], [-111.63689988319165, 44.126166147782826], [20.524277970232514, 330.03869589422925], [-31.390302905701148, 36.299805983338786], [12.495220685346693, 375.2558921979389]]
[[-1.9143813000806205, 182.46386605993268], [-70.93682644561798, 54.28541410119533], [5.145501841308852, 346.3645510115433], [-12.451290165518541, 52.60751545500154], [19.76342787405181, 389.00239471371515]]
[[-43.1391780286283, 167.16390809440944], [-130.817762043577, 57.34636866245829], [23.406983858889664, 374.87685722169033], [-8.338252952767373, 43.28552726501549], [-20.258255210129736, 380.20583771191195]]
[[-57.225533110907605, 187.04033562259227], [-39.741373743354956, 77.71899759347566], [16.39510232711457, 351.8748414616564], [-41.29558530360455, 8.796415920054143], [-15.889471809436511, 374.57045618413]]
[[-61.411673549452956, 139.12222690139373], [-10.232723408919995, 120.51814471361631], [11.7637318066176, 357.7388581433474], [-10.079638116531672, 31.44322934819537], [8.185244737718754, 386.2147342636245]]
[[0.6415863334657619, 226.27220308038943], [-98.12958762075822, 43.634938396475704], [3.0670212434261437, 351.9352007895504], [-1.1076718560256884, 47.37447396977513], [-5.542662544309021, 357.3161269284205]]
[[-3.74935886144487, 145.69750465345763], [-93.69577557759608, 21.10748621265226], [6.314631641052873, 302.65334190571457], [-19.174791674017726, 33.91585177323336], [12.769240053960726, 413.8685731438651]]
[[-1.3419279359959475, 182.7616698257884], [-104.49673778447276, 46.56406991993789], [14.965062575660548, 316.5783616777632], [-13.427079860986325, 49.27186708154835], [-22.4832292223901, 404.06044946927807]]
[[-28.011125742986604, 154.69874729377216], [-63.63088743462174, 83.84195751356171], [5.3185654986167865, 373.7736186043014], [-17.529697956204508, 24.36816926875688], [13.297514698201077, 425.85719182009734]]
[[-19.152487281517175, 154.70737868993942], [-86.73574378540911, 25.011449991086312], [13.229234300052386, 331.63932922156334], [-16.918134553077813, 31.822053268076775], [-5.795155048602091, 441.2321915714376]]
[[-27.944668721789718, 172.3969449870285], [-77.44196952436148, 37.92671427588435], [11.490757543591581, 317.01654050150483], [-21.393853193891392, 35.24481914876476], [-11.001489222996874, 408.5936727294193]]
[[-31.738224666019782, 157.85773034062797], [-80.35179333617832, 49.05636619324782], [13.128581171525582, 326.09872592906044], [-29.511279363981956, 24.655619914095883], [7.196871681138635, 344.1082937375679]]
[[-24.828825376485796, 165.63537447784975], [-44.3671503664765, 77.84290726684553], [8.417896505788597, 320.58455784326645], [-3.54367885831841, 26.793202237922117], [13.214151296223802, 462.7254736292853]]
[[-83.71129180013156, 195.3163500299339], [-43.43271424923817, 61.350075608529174], [15.360949456184386, 324.7829828538418], [-7.711224988963156, 35.73146207560456], [5.653968686183677, 431.09139904404225]]
[[3.4429974116518562, 184.8190211308389], [-74.40795461530502, 42.69564893519284], [8.186306695912844, 351.47971577280316], [-15.521883842889501, 42.47474098721029], [21.962171750695145, 380.0815462134638]]
[[-6.146590361224362, 200.62744242016717], [-98.12858945132406, 18.85322647995769], [16.934420530088918, 341.51776137672346], [-46.07119401803601, 15.389800264550152], [-9.446484627895277, 396.340407877991]]
[[-14.301356308836471, 97.72220468932363], [-59.170532065185036, 36.19321574047024], [16.36172300428001, 357.1243406962004], [-22.03710565200068, 30.22760456766016], [19.494624179889204, 399.5095365471642]]
[[-20.79355366119924, 170.4592487740961], [-110.78645618405272, 19.926628373238223], [7.992281171242358, 332.2536562521583], [-13.000672027463043, 29.731429649929304], [-9.824744754922616, 406.630149646734]]
[[-64.85762840819199, 236.3289661790398], [-82.99286886167866, 32.88372842712437], [-6.28770202685288, 339.9281037777271], [-29.81231006533753, 41.97188814008669], [13.312711461765996, 334.9440501101782]]
[[-29.615016427601567, 218.04461221448128], [-67.25107580767036, 35.83579556888613], [13.309205818331819, 330.27482278894234], [-6.340351515543811, 42.741926545553845], [-23.69720273151004, 427.378492944088]]
[[-111.38613753353125, 165.1957062020589], [-92.87742009500506, 43.726842986658575], [7.356432258587942, 340.5365907557232], [-11.217488069127553, 41.214459072686736], [-3.8362375370459394, 369.9573557439678]]
[[-61.16280929733358, 94.54500905034456], [-62.60735787917422, 50.01254924352358], [7.117261660550641, 351.5086741471862], [-31.26114933299327, 49.20588188069745], [18.03707532975265, 389.4079480942163]]
[[-69.07309596417292, 126.90268808717705], [-81.5575274562066, 23.360395070043573], [16.809059710028933, 320.0062749456427], [-18.50105647685391, 38.50003274836804], [13.359491460154128, 374.4484831371818]]
[[-54.89856681108574, 207.8033524128153], [-48.96124030486483, 84.17731746912035], [4.622704316345761, 252.17611621601668], [-19.10490844146869, 35.01829868019224], [-19.395172178151793, 381.9447256381758]]
[[-34.74266358337775, 191.95688002380967], [-129.22072502308683, 71.53293087577441], [10.052810861565565, 328.7399895463932], [-19.73133160415448, 42.218339922097044], [-66.22736259901237, 452.71920433931723]]
[[-50.62205890690465, 201.18222494144376], [-79.75506734602814, 60.16997842076971], [13.583037475152448, 297.35799252699195], [-14.546047903738227, 32.096347722428135], [14.444961288400254, 421.1874527946087]]
[[-11.441814598955084, 206.99630107125805], [-74.77948334461612, 70.02263261295357], [17.0, 334.50444990409943], [-1.7117458033818131, 42.9540232079369], [8.187066001515491, 419.26394743826256]]
[[-39.01712509123136, 128.83096844531087], [-97.5386036448813, 43.81725310761213], [23.55832726120432, 322.8629877681301], [-20.421710682873833, 35.37549080120748], [8.538278042925555, 417.99927813894817]]
[[-52.449594738321295, 213.53676317986606], [-89.08656968752219, 49.48133205612796], [4.1155273134788395, 343.7271077285657], [-35.57287110454093, 22.222969852656014], [16.994364026174374, 390.3061007639552]]
[[-12.000523499284927, 185.56625150164174], [-130.70004353440245, 21.66980499983424], [18.775122987093425, 257.1907835946019], [-2.8466304143760066, 38.13832654899804], [9.126126239719156, 391.02925827975]]
[[-46.70814636927692, 173.5240264538011], [-90.06478793813467, 11.14635887116149], [12.774872589020552, 343.03290354298], [-17.26349241050625, 50.04588704762241], [-1.6171708396687592, 420.995057754822]]
[[-10.757182350463012, 161.64865077021187], [-87.28089608261305, 25.611357644032417], [14.228152347979407, 302.32165096286207], [-10.436422491615579, 40.81742301930664], [-34.093537912691325, 378.17405362949313]]
[[-63.86869684162541, 191.339475763077], [-78.71713204925055, 21.88919335190387], [7.394696983127664, 273.2677290012574], [-16.374365291765805, 44.502581748513926], [-7.087378229193426, 410.0503460218596]]
[[-13.382144678449581, 186.81797151978049], [-90.28060198933285, 38.99144152105357], [7.73684419809091, 380.8073160488279], [-3.288417822692173, 46.83809930180371], [-42.623511948357375, 327.56403336773127]]
[[8.126370162490705, 175.92287177941847], [-84.15971534950852, 50.25402626408184], [19.062251160462747, 310.1645249080846], [-33.832869306587995, 45.11603927532148], [6.303681325464632, 441.45356251498646]]
[[10.229400105105212, 153.86321336140153], [-45.14635808154326, 34.82391505470188], [-1.9581161368243185, 339.9401559908049], [-7.349920576783443, 46.030070804388615], [12.33544807527162, 434.03444375230055]]
[[0.016844969369337548, 177.47448374601572], [-52.67647354981746, 44.45299599667678], [-4.55113010460027, 339.3200717525919], [-1.6085582524409876, 40.5899848514668], [10.519278286824642, 410.79610388427307]]
