[[-43.12613066392532, 60.04329532450051], [-19.127651231108704, 21.366311463733794], [-80.56076798963552, 127.98240411231926], [-10.328306689887803, 16.598121042763125], [-95.21947605198788, 158.38220088023598]]
[[-47.6201067615787, 71.90802639132404], [-25.802951842827078, 32.72324703603513], [-81.48559498981473, 127.56092196686167], [-10.815810542965275, 15.429880331861892], [-93.65243677622159, 144.96035339807906]]
[[-45.642602077660435, 71.03492396002075], [-18.043877562357057, 34.057867878703085], [-79.71853025529246, 124.0751698883752], [-9.088798179557159, 13.162620133382392], [-92.7333757606756, 151.80738681426277]]
[[-45.565877262355315, 65.86281477140153], [-22.74956426397947, 27.69374075962833], [-80.27245619029641, 127.95154178258143], [-6.799060521381564, 7.665123178544034], [-87.82324179538638, 150.81563400089317]]
[[-41.460062478259694, 67.02083417137307], [-19.586663296879365, 24.687879557376046], [-80.49817783118687, 120.21714381427276], [-8.551081035108117, 14.676073076764368], [-89.57577882550171, 148.50434212844885]]
[[-41.79975685132585, 73.58694902636769], [-21.630959158792635, 31.57132513080654], [-81.00363713626821, 122.36988010389726], [-10.3980691637338, 16.292807518130267], [-94.08535152232074, 153.0709630886294]]
[[-38.222512149367965, 61.61036175869171], [-18.144382778731607, 24.469757143899862], [-85.7955375833566, 129.61669375884674], [-9.2218718074271, 13.488052137836057], [-96.99778170753184, 154.97412322298362]]
[[-42.87614799177654, 59.463148074799726], [-29.261656114035006, 41.233392645321494], [-78.6849990282641, 125.91152430566538], [-10.815810542965275, 16.532908171767794], [-98.64492997718169, 152.3975291056195]]
[[-45.38316094539657, 67.21926311914166], [-26.42124106079588, 34.17686669931046], [-83.72996935130016, 131.1845533098704], [-9.437035164932981, 13.27742347647316], [-92.24790054462835, 151.72497991977485]]
[[-32.507667287357215, 39.17517813435416], [-20.445305218157067, 19.307683881305973], [-72.991448065502, 128.89147798708956], [-10.22052357314496, 16.111434748386195], [-102.13502073703384, 155.7176583753046]]
[[-44.02083417137307, 62.8548644172156], [-22.651568008192466, 32.99492920097025], [-77.52099973762749, 128.74813821882137], [-9.462673785702721, 13.462673785702721], [-96.99778170753184, 158.8460628871859]]
[[-45.35373339862092, 68.77775343488392], [-20.972863019212, 22.9953695356321], [-81.69007966809173, 125.4925953516111], [-6.73312308445626, 8.824445970861625], [-92.63018793943245, 156.4426055114296]]
[[-40.101452322979455, 65.48584389982932], [-25.49248444446364, 36.497859165201554], [-75.03274786934806, 122.696056385977], [-9.13615892140847, 12.56044808799197], [-94.79617354591014, 149.9579873468026]]
[[-45.76518043831749, 69.76518043831749], [-24.050500269211504, 33.60088396992128], [-85.2955715812478, 134.28530052322617], [-10.565691800382812, 16.78566256540327], [-89.3615892140847, 133.65057636444834]]
[[-43.12234232384574, 67.085514888104], [-25.866369657494594, 35.12940153446563], [-76.87841766455419, 128.89147798708956], [-10.724442197919576, 16.499762325806984], [-102.75863362812333, 146.25357404026124]]
[[-40.80494647164642, 60.04329532450051], [-20.148526999735743, 23.48801724341147], [-82.62645351910243, 131.4588106652573], [-7.9956302111145146, 10.107964298437317], [-92.68052695429445, 154.36857351619665]]
[[-44.3871173823658, 68.30361949122948], [-20.729102594164647, 26.65139567309557], [-82.22008544306443, 127.40506907078779], [-9.33176753563594, 13.2218718074271], [-98.35217483684244, 138.1074540285951]]
[[-46.144632424982156, 73.18796903315123], [-20.472724507850103, 26.223171037448786], [-78.78948741782676, 117.85349940690018], [-9.411130881773833, 13.411130881773833], [-96.2402135231574, 149.0912262034453]]
[[-46.29852687451076, 76.52432276409107], [-20.212245275618205, 30.57047823520337], [-76.48058846628862, 123.70017793596449], [-10.693357058128598, 16.598121042763125], [-95.7691189078698, 158.08689205222169]]
[[-42.045268481222635, 65.95023269630643], [-19.427388065879924, 27.954235926923474], [-77.96731413573855, 127.32928672586014], [-10.432351333157161, 16.724442197919576], [-89.6577586823164, 150.39359454467578]]
[[-42.84861573269162, 69.79838217807861], [-22.931407385700766, 28.165186783334928], [-78.71955431359626, 118.44446048800386], [-10.598121042763127, 16.815810542965274], [-87.84610328783585, 157.4869330483281]]
[[-44.817299818603, 75.19154469243406], [-22.28097349178269, 27.574408795176858], [-80.01718542416393, 134.5264843437222], [-8.141447818211903, 14.676073076764368], [-101.08689205222169, 161.36911822857644]]
[[-41.79838217807862, 70.82675189745041], [-26.803808117133215, 28.57692427316401], [-73.68312493119487, 121.68312493119487], [-10.630203478771378, 16.328306689887803], [-99.84029800224877, 157.84029800224877]]
[[-46.8176338315862, 73.59810776010633], [-21.694355876202998, 29.292909761172197], [-78.71853025529246, 129.69007966809173], [-9.462673785702721, 13.462673785702721], [-94.6352676631724, 141.91927261416777]]
[[-45.605903685654155, 78.04739692362469], [-21.717005797952297, 23.4437436148542], [-78.41795175960972, 125.16406407132449], [-9.462673785702721, 13.358502898976148], [-88.70235590920375, 156.09479384724938]]
[[-37.547429406478656, 56.493835817797], [-21.412340913027442, 33.99445965910695], [-86.28530052322616, 132.784968342105], [-9.165057636444832, 16.78566256540327], [-95.50434212844885, 132.34246014504214]]
[[-45.7378711167475, 70.76536513679858], [-21.12663024091794, 21.992460034831705], [-77.2072515428051, 110.13674047200443], [-10.78566256540327, 16.46624616891252], [-85.58291095079336, 151.3975291056195]]
[[-48.84248212159176, 74.45068256296841], [-23.57132513080654, 32.40223377377518], [-80.24122062832932, 129.26458576966536], [-10.693357058128598, 16.755208542843267], [-96.52243969951215, 149.48444011919813]]
[[-43.80446754755035, 65.09769482953577], [-26.95116646896673, 32.44888439583915], [-74.75247190535848, 130.00778067884772], [-10.755208542843267, 16.693357058128598], [-95.44058988169809, 153.50688308497448]]
[[-42.66732528648044, 61.096088035512274], [-20.8868990500779, 29.47767382105571], [-82.76992725037579, 129.69007966809173], [-9.301730278432839, 15.830414994782327], [-95.82129884000929, 147.77335266106223]]
[[-46.472582857651496, 74.8984384427947], [-18.144382778731607, 22.743972419088582], [-76.79724838539009, 123.09485881295731], [-10.755208542843267, 16.78566256540327], [-88.81220240007555, 151.7968768855894]]
[[-40.24911333529028, 67.95460284972188], [-17.951261465721597, 17.951261465721597], [-69.8933516503395, 130.05506597920666], [-10.1837178115272, 16.630203478771378], [-97.34827368440644, 142.492902748674]]
[[-43.932157548030006, 65.36506128894635], [-23.48572054200049, 34.02808016194139], [-79.32928672586014, 131.01858050663847], [-10.231682090500277, 16.755208542843267], [-96.05165824120476, 144.91927261416777]]
[[-41.74568441484434, 57.759418153161945], [-18.23842631150354, 24.700126142989827], [-76.78948741782676, 124.18760728281049], [-10.202086719855844, 16.724442197919576], [-87.31767535635939, 139.89706962794594]]
[[-46.8176338315862, 70.33728905883453], [-23.322025959158456, 31.235672307144494], [-82.00778067884771, 132.26326537414235], [-7.9729230365119985, 12.955379067155082], [-91.12654480507578, 142.50395981042348]]
[[-40.5605232748135, 70.64260207766043], [-22.46695454940202, 32.802011349171636], [-79.62291451155708, 129.74813821882137], [-9.077339598441888, 12.986431509606], [-93.59211015667474, 155.30714293649942]]
[[-42.85551179143811, 68.71941086501963], [-25.029149854756565, 32.49349539684665], [-81.76418858515969, 125.73877884582627], [-10.693357058128598, 16.693357058128598], [-91.33317543948112, 143.0432845669298]]
[[-46.8176338315862, 72.36169315661033], [-19.307683881305973, 22.091257873794785], [-78.2072515428051, 119.93599767920973], [-10.693357058128598, 16.292807518130267], [-92.06297679083657, 148.36101034298184]]
[[-41.45356282276066, 70.78466446832552], [-20.29936225765169, 27.583315569525116], [-80.01718542416393, 132.223849253228], [-10.693357058128598, 16.28997756433227], [-97.52243969951215, 155.61891355393414]]
[[-44.131632687071175, 59.498302520907814], [-22.865660241528033, 29.063611701306954], [-75.25825313808548, 121.06096683616428], [-10.328306689887803, 16.43235133315716], [-90.36479601334113, 149.18813275382882]]
[[-43.1851758246649, 68.85551179143812], [-19.054131397346296, 14.55139713200463], [-74.99819850839454, 127.12699222535376], [-10.724442197919576, 16.693357058128598], [-98.28167142223754, 150.0912262034453]]
[[-45.65597461330374, 69.2370135308368], [-23.16147736285256, 33.17871172355218], [-74.7460053379752, 112.08873837876921], [-10.3980691637338, 16.499762325806984], [-97.07096308862943, 148.99143666080622]]
[[-37.09449325059653, 71.666135630502], [-17.715676945192605, 35.01412560412675], [-76.65143460594822, 121.15392679858721], [-10.532908171767794, 16.661946447655975], [-88.93067833606378, 139.41696810651095]]
[[-47.32919133812476, 71.05565440886916], [-21.5965851210264, 22.719676417755792], [-77.96731413573855, 121.41728896705783], [-10.661946447655975, 16.017842523509394], [-88.11130881773832, 141.07678656570937]]
[[-40.95576215283269, 59.786552005514835], [-25.423546842755094, 39.142208118502076], [-78.01858537826486, 122.46044677396597], [-8.740054690936034, 13.193626110964301], [-80.31996683461081, 128.19307197758025]]
[[-46.74993177637718, 74.74993177637718], [-18.429296470916952, 23.64853764008856], [-77.35734739411137, 126.08247916345223], [-9.249801938172485, 13.177287901934477], [-90.92022417061158, 147.27051635121148]]
[[-40.24916814032444, 50.165896744219495], [-18.64482049779284, 18.08758906717708], [-83.74913358560558, 130.26458576966536], [-10.111434748386193, 16.755208542843267], [-93.5176061378625, 148.19621552021266]]
[[-45.288935483628165, 67.82528818222417], [-17.817854274253552, 18.340278057124355], [-77.30529307357554, 119.73854387990107], [-10.755208542843267, 16.328306689887803], [-103.36911822857644, 156.7983945404013]]
[[-46.76184420622104, 75.0354815443147], [-23.046901820702622, 24.976104275672114], [-84.78496834210502, 126.85876550503309], [-10.46624616891252, 16.141969572455302], [-95.1791891409907, 155.28167142223754]]
[[-42.88209429257984, 63.510465576417744], [-18.852402874998575, 23.437381867029192], [-76.68059728453281, 111.39257749142772], [-9.162620133382392, 13.513175452471064], [-96.9403908503079, 157.9475650676759]]
[[-43.232295156858385, 70.05829970951314], [-26.220164072808103, 37.97115534145502], [-84.26326537414235, 126.98136022087157], [-10.292807518130267, 16.724442197919576], [-92.39620908540518, 143.46603178528466]]
[[-43.78213927306501, 75.60973802599395], [-21.383158403526853, 22.847872133673214], [-71.2106703069827, 121.64590945141023], [-10.256883247400832, 16.3980691637338], [-95.6718313089424, 150.0480329075872]]
[[-43.36506128894635, 70.92305164391792], [-23.16147736285256, 26.757039692984222], [-80.96510095903167, 126.39246924052452], [-9.384955373046646, 13.437035164932981], [-94.20514981454973, 158.08689205222169]]
[[-38.48715701681593, 74.19154469243406], [-20.29936225765169, 24.561114927154062], [-84.26326537414235, 128.14274018807515], [-9.249801938172485, 13.27742347647316], [-84.96760918068385, 139.49835508477815]]
[[-39.24675741855793, 67.79251449488075], [-22.491828533934637, 28.57692427316401], [-78.98590782072345, 123.24821578903644], [-10.532908171767794, 15.745914266967318], [-92.32817500333488, 150.85073558286078]]
[[-46.99571833040311, 71.28933859880047], [-24.740466622923744, 30.131383600765623], [-74.71867604674945, 130.26458576966536], [-8.69201249565194, 11.964660344838972], [-92.13669970590384, 156.9475650676759]]
[[-39.387972314547014, 60.26361385047273], [-18.558492268497098, 24.610707818400687], [-76.9968462668439, 127.94075785387078], [-8.986431509606, 13.2218718074271], [-79.9396648330678, 154.61312347023957]]
[[-45.1851758246649, 67.3446583239935], [-17.922084404115, 21.445305218157067], [-80.95154178258143, 122.07637624770386], [-9.358502898976148, 13.358502898976148], [-90.84610328783585, 143.12843014935194]]
[[-40.280773898712525, 62.0252772277077], [-23.44104714628992, 30.196242085526254], [-80.16406407132449, 128.48559498981473], [-10.598121042763127, 16.56569180038281], [-102.25020015817012, 156.92933860466894]]
[[-43.30136092942104, 67.93091471356658], [-20.289680987765603, 36.95116646896673], [-79.70017793596449, 107.61274981693849], [-9.752323172283107, 16.256883247400832], [-92.26016046584509, 147.02168294130902]]
[[-36.39474370891338, 73.32233099300734], [-20.371159977695505, 24.982908141111388], [-73.07162148653308, 115.51953127752925], [-10.363390705690165, 16.328306689887803], [-93.24561143757306, 136.50454719753768]]
[[-43.46254534782328, 67.2632421718611], [-23.217882328545986, 27.217882328545986], [-77.7753253985818, 129.45659882846502], [-10.755208542843267, 16.755208542843267], [-84.70427746453383, 154.80466587586693]]
[[-49.755750089061216, 77.45789819956126], [-20.66353507127188, 25.556017555305353], [-78.71955431359626, 121.29454970088219], [-10.598121042763127, 16.328306689887803], [-103.96701591415157, 156.51150017812245]]
[[-42.2370135308368, 68.77775343488392], [-23.87799782809024, 35.67506138803423], [-72.53841940652987, 127.49822667058056], [-10.630203478771378, 16.363390705690165], [-76.84375427301308, 137.57289706038307]]
[[-46.35373339862092, 71.86851235284954], [-23.190182691910923, 31.298158332989466], [-84.223849253228, 129.85345672400223], [-10.815810542965275, 16.78566256540327], [-94.67576117044786, 143.475742233495]]
[[-45.28788941275086, 70.75599565618049], [-18.555188925818804, 23.5965851210264], [-78.97431403363186, 126.29504125497188], [-9.233120763207232, 15.523623312649132], [-81.5823360988491, 150.03965979619326]]
[[-41.63641820445556, 66.14468905081901], [-20.445305218157067, 20.6328128142649], [-74.14648235458476, 130.26463028867403], [-9.912600657628126, 16.56569180038281], [-88.39353499409309, 146.64466198601468]]
[[-38.32707014254376, 54.73000146482437], [-21.952522415252275, 38.262161382045534], [-78.4641037925663, 133.2955715812478], [-10.46624616891252, 16.080573377391506], [-99.51150017812243, 155.60733766499303]]
[[-39.672841994957516, 66.13581138222436], [-22.03375558750043, 33.42430786634581], [-80.49681128825844, 118.65158867625804], [-10.661946447655975, 16.256883247400832], [-95.42964995147155, 152.05165824120476]]
[[-45.18239800667057, 73.27951990285516], [-21.56098167500674, 25.28838281897881], [-77.59514497808905, 123.22652609078534], [-10.111434748386193, 16.108723280203925], [-93.76746655951361, 143.83754744720042]]
[[-39.35568141282842, 58.49912852795894], [-21.216839411436506, 23.699951837178048], [-81.76418858515969, 130.62645351910243], [-9.488052137836057, 11.190441710268846], [-94.8357789712144, 149.2325727482896]]
[[-47.86851235284953, 69.63912895850719], [-23.10448793990243, 25.902175739154643], [-82.98240411231926, 121.54477528375061], [-10.78566256540327, 16.22052357314496], [-98.99778170753184, 148.18813275382882]]
[[-46.06834985295192, 77.75575008906122], [-23.48572054200049, 27.810331648240954], [-79.88766572954806, 130.90712564552132], [-7.027970365995161, 10.75308503610164], [-96.07096308862943, 139.59676435615722]]
[[-44.10670295932656, 74.74993177637718], [-22.16147736285256, 25.874716266346518], [-82.00778067884771, 127.56092196686167], [-9.088798179557159, 13.462673785702721], [-94.91927261416777, 128.00778067884772]]
[[-44.58233948462684, 67.27623061396146], [-19.723715814447914, 23.66353507127188], [-75.48032063972022, 125.61857907223957], [-10.815810542965275, 16.532908171767794], [-98.64492997718169, 154.30714293649942]]
[[-41.32264034329424, 65.64781192016801], [-24.433893033895558, 31.531285782276974], [-85.04162783017102, 124.50021181489677], [-10.815810542965275, 16.78566256540327], [-96.03965979619326, 150.34229488668748]]
[[-46.06421507467597, 69.24900969086244], [-25.321301038830217, 29.669733165162963], [-78.30769709265604, 122.91051152167665], [-9.702754264897532, 15.177161120882229], [-88.70235590920375, 138.51875006943698]]
[[-42.585819522344394, 62.96060708136689], [-21.04475166046847, 27.64482049779284], [-77.99825705591788, 118.52815586614986], [-10.499762325806984, 16.499762325806984], [-96.74782131989734, 146.8130181490061]]
[[-39.26307837348912, 51.262830417577256], [-19.47272295158742, 27.822883449998287], [-85.2955715812478, 126.46459835741982], [-10.661946447655975, 16.661946447655975], [-88.7742347647316, 138.4630924357564]]
[[-41.82528818222416, 75.17404197428499], [-20.0971037456007, 19.429296470916952], [-81.00363713626821, 117.9278002343211], [-9.162620133382392, 13.462673785702721], [-97.2402135231574, 149.7968768855894]]
[[-44.989254760917675, 74.89709919792958], [-19.7755767172908, 20.49291967148396], [-72.5233371298043, 126.03209113009999], [-8.141447818211903, 13.717401710000203], [-95.11673587774095, 145.68052695429446]]
[[-40.44573899354477, 68.71941086501963], [-22.929888578399066, 25.598280299373968], [-80.67989386123962, 129.46974249221762], [-8.213723055543872, 14.141447818211903], [-96.72497991977487, 152.3517050294479]]
[[-45.472582857651496, 75.7599898906381], [-21.330115272889664, 23.176981897698216], [-67.81849983440016, 114.83990429276031], [-10.3980691637338, 16.031805850653477], [-99.09479384724938, 146.1001966621227]]
[[-46.89709919792958, 75.60973802599395], [-18.927125864235776, 21.0971037456007], [-81.95154178258143, 130.50813055037003], [-9.513175452471064, 13.165057636444832], [-97.34229488668748, 155.09479384724938]]
[[-42.718491441884126, 65.51501462754604], [-21.229051171910477, 30.827421805351616], [-71.35377708660168, 115.54366501201473], [-10.146454880586099, 16.202086719855842], [-95.05165824120476, 150.9404139975673]]
[[-41.255750714517994, 55.593423649670946], [-25.587527473059794, 40.53952635741319], [-86.5264843437222, 127.75229598355308], [-10.78566256540327, 16.78566256540327], [-90.30683521009017, 159.81811232708867]]
[[-46.446700131741636, 72.64260207766043], [-24.105788107297542, 27.153181477330442], [-79.36890321344701, 128.01718542416393], [-8.141447818211903, 14.28996859243581], [-103.25020015817012, 153.36861244280016]]
[[-37.60857190713638, 62.091842311236576], [-23.009206419683938, 24.588107189907724], [-72.29248995631609, 120.76781098750382], [-10.598121042763127, 16.598121042763125], [-87.10905798458532, 145.85038237061377]]
[[-44.24900969086243, 69.63912895850719], [-21.21323679215283, 33.66049271417614], [-74.66490684393027, 126.08247916345223], [-8.086802319180919, 13.579963797057312], [-91.17813180592779, 143.1781318059278]]
[[-45.52371583492838, 62.6504026305125], [-24.46675681242549, 35.328643719904754], [-77.48173986947394, 122.18760728281049], [-10.755208542843267, 15.821028221854199], [-100.51150017812243, 151.3975291056195]]
[[-41.813238829367876, 72.44357545902929], [-25.67506138803423, 33.032533714700904], [-73.68312493119487, 127.39246924052452], [-10.78566256540327, 16.78566256540327], [-99.18944458315084, 160.75863362812333]]
[[-39.20366789548236, 68.21244673747789], [-22.30428595356819, 21.29936225765169], [-77.88725549278053, 123.63177079748588], [-9.13826177812934, 16.1464548805861], [-97.05165824120476, 149.49774813549317]]
[[-46.97738010449511, 75.0354815443147], [-20.540035587192897, 18.215928596874633], [-79.9548255109901, 121.09485881295731], [-9.10692224157317, 13.437035164932981], [-94.94039041901202, 146.3180939252749]]
[[-40.37257807125849, 68.47115868616507], [-22.032862209066298, 26.407028190903816], [-83.51861483497783, 127.12699222535376], [-10.598121042763127, 16.499762325806984], [-98.4426055114296, 158.18214990624972]]
[[-48.17114744334374, 72.67420703334302], [-25.173338606872655, 36.262161382045534], [-82.48559498981473, 126.24122062832932], [-10.289977564332268, 16.815810542965274], [-84.0993466685294, 151.23450910351312]]
[[-46.642602077660435, 63.998311800978634], [-24.401701660124697, 35.7620082268968], [-78.9968462668439, 119.68312493119487], [-6.815101739385689, 10.035262702432515], [-104.55283524866434, 159.81811232708867]]
[[-47.35012277606846, 76.68430622140008], [-18.854128105653057, 27.640478268768593], [-77.74263499867871, 123.82901582459786], [-9.358502898976148, 13.165057636444832], [-93.88894245043211, 146.45097991029579]]
[[-38.727384913735676, 57.276934529383254], [-25.792758532849103, 35.67506138803423], [-78.21733886354073, 116.27064052826529], [-10.565691800382812, 16.598121042763125], [-100.18214990624972, 145.44191409489406]]
[[-48.04561310172265, 66.48237440452317], [-18.29925626389277, 18.988446389343963], [-79.09525132565552, 120.07109538543703], [-6.862221098959788, 6.862221098959788], [-95.17614465730486, 149.17614465730486]]
[[-46.8176338315862, 70.62528193279815], [-22.032862209066298, 25.121026011634232], [-77.75510005549066, 121.80903898389924], [-10.565691800382812, 16.56569180038281], [-82.60416010653115, 141.20433182379566]]
[[-46.642602077660435, 69.05565440886916], [-21.630959158792635, 26.870434967368485], [-79.79020577917832, 125.7753253985818], [-8.170139028562177, 10.149628131946384], [-103.96701591415157, 161.96701591415157]]
[[-44.1093590371355, 69.28893548362817], [-17.4210807239537, 23.102779918191693], [-81.17163904468879, 134.5264843437222], [-9.513175452471064, 13.513175452471064], [-91.3180939252749, 147.27051635121148]]
[[-43.82528818222416, 69.12186043903986], [-28.539526357413187, 40.15486611913994], [-79.10508415711226, 128.56408856640533], [-9.437035164932981, 13.384955373046646], [-95.95798734680262, 147.0912262034453]]
[[-42.66732528648044, 62.88209429257984], [-23.273714703239328, 26.642860557490735], [-85.04162783017102, 131.1845533098704], [-10.630203478771378, 16.56569180038281], [-93.27461331527097, 145.27772615209773]]
[[-43.55452899229266, 72.32443651672568], [-20.273714703239328, 35.56702693271612], [-82.48559498981473, 123.9968462668439], [-9.952864313944636, 16.46624616891252], [-91.15033308925132, 140.93067833606378]]
[[-40.479921301339836, 66.8093549382404], [-19.66308492030589, 23.4210807239537], [-77.91051152167665, 134.5264843437222], [-10.78566256540327, 15.646097734921351], [-97.36857351619663, 160.13502073703384]]
[[-49.306561735119786, 76.19876455280975], [-20.910758134310164, 29.082763738273723], [-70.74547654321279, 124.09485881295731], [-10.724442197919576, 16.56569180038281], [-90.30683521009017, 150.29661330044922]]
[[-50.33309197188193, 75.8845594539349], [-25.169354838960313, 33.39233223416276], [-80.64458701913205, 124.18898650119306], [-10.565691800382812, 16.23168209050028], [-99.07096308862943, 139.25815738752016]]
[[-48.6201067615787, 73.13525817560574], [-22.62597744412146, 24.959976073190077], [-81.98240411231926, 123.82901582459786], [-10.693357058128598, 16.43235133315716], [-100.17944348833825, 158.17944348833825]]
[[-43.77342823251439, 62.0252772277077], [-24.392332234162758, 34.668940292611964], [-76.72282773520254, 125.74268850287108], [-10.22052357314496, 15.854776931814431], [-103.36911822857644, 154.6137254510288]]
[[-38.44540341635963, 61.20783048592353], [-18.660108459674174, 38.22288674721588], [-79.36890321344701, 127.61857907223957], [-10.815810542965275, 16.693357058128598], [-102.08689205222169, 154.64492997718168]]
[[-42.093803641405245, 59.95525576083833], [-22.026350904942127, 24.008171056506367], [-71.27902803271488, 130.50813055037003], [-10.724442197919576, 16.815810542965274], [-89.02971946002624, 142.3935349940931]]
[[-40.678673697055686, 64.3924841710525], [-23.353464234838036, 35.58917884287319], [-79.93331648439683, 128.95154178258144], [-10.724442197919576, 16.661946447655975], [-93.87745869634632, 143.6331512045897]]
[[-44.98914015313523, 68.52371583492838], [-19.636902597054473, 23.732898042817396], [-81.49822667058056, 125.98136022087157], [-10.661946447655975, 16.532908171767794], [-93.66536616072227, 158.18214990624972]]
[[-50.47378253383795, 70.63888130680289], [-23.009206419683938, 30.66303275419959], [-78.74268850287108, 124.74268850287108], [-8.170139028562177, 14.353250642469], [-97.16714803138437, 160.25020015817012]]
[[-48.6201067615787, 69.66161075704719], [-20.29936225765169, 27.383537876307287], [-73.60938795134838, 127.40506907078779], [-9.33176753563594, 13.063682634855624], [-97.64944289199534, 149.34808394856998]]
[[-47.6201067615787, 71.44649407207027], [-24.668940292611964, 36.292070086674165], [-79.45266207695792, 121.50390977648584], [-9.488052137836057, 13.488052137836057], [-90.1142850141057, 140.1142850141057]]
[[-48.03548154431471, 68.78782540282816], [-25.69208470161025, 42.51523098056277], [-77.27171407650113, 131.01858050663847], [-10.815810542965275, 16.202086719855842], [-96.03979060043451, 148.35897994143204]]
[[-43.99083266475687, 70.77917340968283], [-27.166545985940964, 37.166545985940964], [-79.39246924052452, 129.22072351738342], [-8.768736596217433, 13.358502898976148], [-100.4869330483281, 154.89183415558364]]
[[-50.19097319993524, 75.74784975566797], [-24.668940292611964, 34.668940292611964], [-86.04166834274614, 132.26326537414235], [-10.532908171767794, 16.755208542843267], [-84.29406167115563, 148.17614465730486]]
[[-44.24900969086243, 69.44026068918029], [-28.388021357108165, 37.49944542688296], [-78.61977740729432, 131.98769009565893], [-8.190441710268846, 10.086802319180919], [-95.94353188873762, 157.14987139154138]]
[[-46.81509396971622, 66.28204428320267], [-22.827421805351616, 29.90572862788927], [-69.1735443299522, 123.63610489673971], [-8.854308023354944, 14.564964089257263], [-98.51150017812243, 153.47216865460464]]
[[-42.49901009971077, 66.30749787320897], [-19.577186703867, 25.49008954655506], [-83.76992725037579, 111.59632261201395], [-10.111434748386193, 15.871789254203982], [-89.91927261416777, 146.35897994143204]]
[[-41.45287836565468, 60.091842311236576], [-21.598280299373968, 23.452982090339972], [-81.49822667058056, 123.50491745912822], [-10.565691800382812, 16.630203478771378], [-88.27776261360577, 142.73337576067559]]
[[-46.59810776010634, 70.90574285679648], [-26.01655087563729, 35.56702693271612], [-80.98240411231926, 124.0795733352835], [-10.693357058128598, 16.56569180038281], [-95.16985517260632, 154.2192710232917]]
[[-43.156583864799195, 58.74029423314431], [-23.656613379775607, 27.462552293511724], [-84.01858050663847, 119.85782651288771], [-9.113656150807397, 14.213723055543872], [-97.80738681426278, 156.09479384724938]]
[[-42.674590158409295, 66.53461120786585], [-23.80108295594891, 33.72324703603513], [-72.18684729934189, 121.75247190535848], [-9.04740270616736, 13.33176753563594], [-97.9403908503079, 146.08277798754983]]
[[-45.6721073987336, 76.99889085376591], [-21.967912570156376, 26.62597744412146], [-83.99809860645587, 127.49817783118687], [-9.513175452471064, 13.513175452471064], [-101.09479384724938, 147.16329673520266]]
[[-47.759989890638096, 71.41462511922883], [-24.433893033895558, 32.70833462926102], [-81.67989386123962, 130.50813055037003], [-9.788462136582005, 15.614525585955239], [-90.13175452471063, 145.95476020899022]]
[[-47.605903685654155, 71.60590368565416], [-27.5808783328929, 41.102565697552016], [-86.5264843437222, 134.5264843437222], [-10.815810542965275, 16.43235133315716], [-104.55283524866434, 160.75863362812333]]
[[-42.86498467565008, 62.66952430121847], [-18.499670033236924, 20.6328128142649], [-81.22008544306443, 129.85345672400223], [-10.46624616891252, 16.755208542843267], [-91.70746679724184, 137.20766267326155]]
[[-44.93126515547756, 66.63245522584992], [-19.054131397346296, 20.445305218157067], [-76.75247190535848, 120.877883586454], [-9.13615892140847, 13.2218718074271], [-95.14573948742226, 148.89116199841445]]
[[-44.31336892851361, 74.3359156544712], [-21.768262517298016, 26.937865780176626], [-79.30618302999572, 128.22072351738342], [-9.233120763207232, 14.28996859243581], [-90.51423630219031, 149.0912262034453]]
[[-42.71743957334, 66.2690343548129], [-22.46695454940202, 33.16535379626903], [-75.22811246086745, 122.24821744355238], [-10.78566256540327, 16.78566256540327], [-100.66618394376385, 154.61891355393414]]
[[-44.30124383751334, 66.48718437901726], [-22.923924343532608, 27.046901820702622], [-72.56657623812549, 124.21599818556146], [-10.693357058128598, 16.499762325806984], [-101.78849125273177, 150.34808394856998]]
[[-43.144200397874506, 76.01989530021726], [-22.86886469365066, 27.253510548058276], [-80.75229598355308, 120.68452112613417], [-9.609802208069274, 16.532908171767794], [-90.74797976935935, 134.92509069564656]]
[[-44.8977687916783, 62.41474719287651], [-27.236891266918974, 32.412648612971296], [-81.74158943202914, 123.75510005549066], [-10.815810542965275, 16.661946447655975], [-99.56262763179404, 158.18214990624972]]
[[-39.97741275549505, 62.12613066392532], [-25.532107537337986, 32.84041589682441], [-75.24929915783225, 125.6849990282641], [-10.598121042763127, 15.421144058351263], [-100.17944348833825, 150.50434212844885]]
[[-47.8845594539349, 74.63210874809128], [-18.27276934265088, 17.375741134204635], [-72.68059728453281, 128.25444680522781], [-10.260977025843191, 16.26097702584319], [-86.134357429803, 137.39946103119976]]
[[-43.73686747652047, 72.817299818603], [-21.330115272889664, 23.64853764008856], [-80.98240411231926, 131.4588106652573], [-9.358502898976148, 12.859838208877896], [-91.54068885061551, 146.12843014935194]]
[[-48.8984384427947, 74.8984384427947], [-19.885324871101247, 16.079548126275995], [-79.24821744355238, 123.91152430566538], [-10.598121042763127, 16.661946447655975], [-99.38194639987049, 153.64944289199534]]
[[-48.84248212159176, 71.08789689496709], [-19.723715814447914, 22.070822461398972], [-78.61977740729432, 126.18368462247315], [-9.162620133382392, 13.038304122912866], [-101.9475650676759, 153.08941164272994]]
[[-42.999049303227935, 63.61866190367317], [-21.64853764008856, 21.0971037456007], [-80.74158943202914, 127.56076798963552], [-10.630203478771378, 16.693357058128598], [-89.14845104473532, 145.9579873468026]]
[[-39.85977715679813, 69.56238431695917], [-18.854128105653057, 22.125092153289902], [-73.54656608541485, 125.46459835741982], [-10.22052357314496, 16.292807518130267], [-99.08941164272994, 144.98471215830466]]
[[-42.32848963626822, 74.2913112368021], [-20.474813516629453, 24.20813557468413], [-79.71853025529246, 125.71853025529246], [-9.27742347647316, 13.411130881773833], [-95.89132136556793, 156.80466587586693]]
[[-43.17123007252107, 62.84503983404586], [-22.032659347040532, 24.626313915965394], [-75.3691524668101, 127.75229598355308], [-8.190441710268846, 12.512258257584179], [-97.71765837530462, 145.24177357735005]]
[[-39.09393733609209, 72.81763383158619], [-23.328643719904754, 34.26848366830323], [-79.91152430566538, 123.1949849240439], [-9.304743166985675, 16.23168209050028], [-96.77335266106222, 147.40947800246937]]
[[-46.472582857651496, 72.76184420622104], [-24.57132513080654, 29.926528917775418], [-82.08781620674553, 130.08781620674552], [-9.513175452471064, 13.204591978356827], [-89.8534962496031, 155.30714293649942]]
[[-43.54730639807746, 69.96533916803189], [-20.642208052786273, 25.56098167500674], [-78.9968462668439, 125.75229598355308], [-7.713674047200444, 9.97749744594168], [-99.14987139154138, 155.30714293649942]]
[[-42.52081391508551, 70.20685577701437], [-23.07968767500175, 27.032659347040532], [-79.74263499867871, 129.85345672400223], [-9.358502898976148, 14.141447818211903], [-99.07096308862943, 150.39104026340266]]
[[-45.92477686523323, 65.89036248346841], [-22.642860557490735, 26.032862209066298], [-76.5789945570434, 123.35734739411137], [-10.292807518130267, 16.661946447655975], [-98.4426055114296, 161.0654823273411]]
[[-41.7348712461088, 66.82528818222417], [-16.795463082926773, 33.66005205449487], [-78.74263499867871, 118.7460053379752], [-10.598121042763127, 16.3980691637338], [-99.84029800224877, 157.18944458315084]]
[[-44.01819498949743, 58.08687897251635], [-25.091794118739067, 35.13359250574491], [-77.24821578903644, 124.63610489673971], [-10.78566256540327, 15.752323172283107], [-92.31194922660748, 143.0007350774884]]
[[-39.35533690037846, 48.2228766671759], [-20.96260362980122, 29.986890633343542], [-73.73742404711695, 134.04166834274614], [-10.815810542965275, 14.513175452471064], [-97.08941164272994, 148.83027757004817]]
[[-41.61968033418303, 71.98925476091767], [-22.30428595356819, 30.298158332989466], [-73.4833109826116, 124.61857907223957], [-9.04740270616736, 13.513175452471064], [-96.03979060043451, 149.18813275382882]]
[[-42.87614799177654, 55.57726660667124], [-22.700250570568837, 25.121026011634232], [-79.70017793596449, 121.35850241842363], [-10.661946447655975, 16.724442197919576], [-93.7666662955529, 156.62017162527314]]
[[-43.1093590371355, 72.22552588858231], [-19.686582193133727, 28.386614975822624], [-83.01858050663847, 128.25226132785065], [-9.384955373046646, 13.573116759439984], [-88.11130881773832, 141.51199131236098]]
[[-44.46954762112694, 66.28525890242503], [-26.011246919196157, 35.49008905823957], [-73.39258998045197, 117.72651713797626], [-10.724442197919576, 14.384955373046646], [-98.80738681426278, 141.89298814414053]]
[[-44.44026068918029, 73.44558099920722], [-21.330115272889664, 25.97314727873433], [-76.04487638046204, 118.98584189766918], [-9.249801938172485, 13.27742347647316], [-96.51997978127619, 144.99140149686986]]
[[-43.68079460704235, 66.32323906777138], [-23.149334911742, 29.419963860977177], [-81.40506907078779, 117.82308691619156], [-10.815810542965275, 16.080573377391506], [-89.44154562232457, 152.34229488668748]]
[[-40.55390113344962, 63.68208412610184], [-22.59588057683468, 28.22898179593039], [-77.24132659296382, 124.21599818556146], [-8.462673785702721, 16.724442197919576], [-96.6137254510288, 146.62792637731093]]
[[-48.01989530021726, 73.67948997071602], [-17.999683101075977, 17.926446910580403], [-77.42662435550623, 117.9859224034126], [-7.9956302111145146, 13.42123644435391], [-100.9475650676759, 154.34242569092874]]
[[-45.32233099300735, 73.32233099300734], [-25.934256176424764, 33.801082955948914], [-76.99825705591788, 123.01330889125114], [-9.821028221854199, 16.724442197919576], [-96.74782131989734, 149.34808394856998]]
[[-37.89362959229439, 57.35533690037846], [-22.57692427316401, 27.57059459469256], [-79.61857907223957, 132.784968342105], [-9.13826177812934, 13.513175452471064], [-91.45822029765687, 153.59497394487713]]
[[-44.658837678179694, 67.95460284972188], [-20.0971037456007, 29.186226716537778], [-78.41795175960972, 122.64590945141023], [-10.432351333157161, 16.693357058128598], [-95.45223707210724, 159.25020015817012]]
[[-40.52484343904566, 73.97738010449511], [-22.827421805351616, 28.954235926923474], [-76.41795175960972, 131.72996935130016], [-10.78566256540327, 16.815810542965274], [-98.34242569092872, 148.90136512593682]]
[[-45.58694902636769, 69.77775343488392], [-22.047246625298264, 30.260406957542756], [-80.14274018807515, 131.7491335856056], [-10.231682090500277, 16.23168209050028], [-87.7807249669368, 135.8835878917373]]
[[-42.662944205806035, 65.0728100184373], [-19.78418511800111, 27.446178098249348], [-79.94075785387078, 130.00778067884772], [-9.912600657628126, 16.070511070800666], [-97.06620350254916, 144.16058271158454]]
[[-42.7348712461088, 58.142574157964084], [-20.86648054943604, 22.081486286183427], [-74.89145276906129, 130.05506597920666], [-8.794053594953862, 12.651914588588424], [-96.49774813549317, 147.5210839765831]]
[[-46.472582857651496, 72.49644948569525], [-22.642860557490735, 27.217882328545986], [-80.03209113009999, 116.78368835245044], [-6.877604271421633, 10.45169428132347], [-86.10905798458532, 156.51150017812245]]
[[-42.37079471601457, 72.33788058522393], [-22.379062145857723, 30.49898113659885], [-80.56408856640533, 132.223849253228], [-10.78566256540327, 16.815810542965274], [-93.83188836611633, 141.02971946002623]]
[[-39.9879915144239, 65.50549733573143], [-18.488892097600772, 18.77107558651707], [-74.16477256742346, 122.49681128825844], [-10.017842523509394, 16.532908171767794], [-94.80215558120803, 152.4405898816981]]
[[-44.206308201483, 78.04739692362469], [-20.618362882496815, 23.4437436148542], [-64.63310776331087, 124.93331648439683], [-10.661946447655975, 16.46624616891252], [-99.91579639912251, 140.3176753563594]]
[[-41.84503983404586, 68.44026068918029], [-23.292909761172197, 31.212598091298865], [-78.98056323125778, 125.27171407650113], [-10.260977025843191, 16.78566256540327], [-99.84029800224877, 149.2601604658451]]
[[-43.02753298960333, 58.065318694081064], [-18.66308492030589, 21.605180708102008], [-63.76969438435026, 130.00778067884772], [-10.815810542965275, 15.681942430000834], [-88.2588876999024, 145.78507573853474]]
[[-44.63888130680289, 65.33189320088263], [-24.046639591246457, 28.046901820702622], [-79.84238571131783, 113.67005019761245], [-10.141969572455304, 16.78566256540327], [-97.07096308862943, 152.23450910351312]]
[[-42.26006707989347, 67.79975685132585], [-19.366311463733794, 22.98603674313085], [-79.16406407132449, 130.90712564552132], [-10.292807518130267, 15.854776931814431], [-76.84333184512494, 135.68350760290707]]
[[-43.92477686523323, 71.64260207766043], [-24.126513140937202, 32.126513140937206], [-78.29504125497188, 134.28530052322617], [-10.031805850653477, 16.256883247400832], [-99.4971393419259, 157.18944458315084]]
[[-42.80013731045114, 74.19154469243406], [-23.16147736285256, 26.74956426397947], [-75.14648235458476, 122.50021181489677], [-10.724442197919576, 16.724442197919576], [-85.0993466685294, 137.71623924354822]]
[[-48.99889085376592, 71.73686747652047], [-23.999524651613967, 30.32389289531195], [-80.74158943202914, 127.94075785387078], [-7.572146910418443, 12.236278037503554], [-95.45223707210724, 155.51150017812245]]
[[-38.35568141282842, 63.02753298960333], [-24.497859165201554, 38.166545985940964], [-80.70017793596449, 117.15720038127576], [-10.1837178115272, 16.183717811527202], [-97.16714803138437, 152.86451294089017]]
[[-45.76518043831749, 71.86851235284954], [-22.273714703239328, 28.090192415014844], [-78.70017793596449, 128.98240411231927], [-9.513175452471064, 13.985981298804619], [-87.88715091805857, 145.88715091805858]]
[[-41.818052448369855, 70.64260207766043], [-20.927950463427365, 26.797701687433328], [-73.68312493119487, 128.14274018807515], [-10.070511070800666, 14.353250642469], [-91.17288219786319, 148.79617354591014]]
[[-46.86851235284953, 71.08159877905811], [-19.99015951015982, 27.96260362980122], [-81.95154178258143, 128.45659882846502], [-8.108066727608726, 12.474515614251699], [-90.21180737130831, 155.9157963991225]]
[[-44.20685577701437, 73.83146503531961], [-20.927950463427365, 29.353464234838036], [-82.26458576966535, 130.26458576966536], [-7.155413842138154, 10.919314081046746], [-90.04328456692978, 156.8740721036367]]
[[-45.642602077660435, 72.20176793984255], [-25.40754698485811, 34.103427888507184], [-81.22652609078534, 119.44446048800386], [-9.193626110964301, 16.78566256540327], [-99.51150017812243, 157.46978312187858]]
[[-46.44558099920722, 71.41462511922883], [-18.173604638361837, 19.77816867483287], [-77.3630741631221, 118.68312493119487], [-8.086802319180919, 10.107964298437317], [-102.75863362812333, 160.75863362812333]]
[[-43.66161075704719, 68.23229515685838], [-20.93941030838837, 33.30258683730443], [-80.98136022087157, 120.028833031005], [-9.523623312649132, 15.523623312649132], [-82.43906963920887, 146.5590398057103]]
[[-44.006108215355496, 74.60113834223637], [-24.328643719904754, 32.32645326469752], [-75.43904265489513, 129.74813821882137], [-7.908927137126776, 10.21054036197685], [-99.24774209516633, 158.17944348833825]]
[[-44.303619491229476, 65.80250274011718], [-17.95499489188336, 24.8868990500779], [-78.9968462668439, 122.87152931418395], [-10.78566256540327, 16.755208542843267], [-95.03965979619326, 147.08386315268797]]
[[-47.69577667467648, 72.4666762928023], [-23.483985574603214, 35.587020987142495], [-79.38567005460521, 123.2072515428051], [-10.22052357314496, 16.499762325806984], [-89.3180939252749, 145.99794015699385]]
[[-38.562242615783525, 55.2953073887019], [-20.554345225493478, 29.585615036260535], [-80.12699222535376, 123.96230017415853], [-10.328306689887803, 16.815810542965274], [-91.41979974348402, 145.0009145560876]]
[[-47.3359156544712, 73.32233099300734], [-19.176433233632057, 23.925347571405442], [-75.92859115257487, 128.48559498981473], [-9.462673785702721, 13.304743166985675], [-95.94353188873762, 155.74386923439988]]
[[-44.92477686523323, 68.6588376781797], [-24.402233773775176, 30.656613379775607], [-78.37823351200485, 122.31542460152946], [-10.661946447655975, 15.752323172283107], [-91.61488426032501, 141.3473863276222]]
[[-50.04739692362469, 78.19097319993524], [-21.21384448314634, 27.259360146260946], [-79.16406407132449, 122.877883586454], [-9.614525585955239, 14.668021614302859], [-99.14987139154138, 154.9403908503079]]
[[-45.52371583492838, 67.79251449488075], [-20.654324552889747, 22.805604558703212], [-79.22652609078534, 125.22652609078534], [-10.565691800382812, 16.56569180038281], [-84.4370552197377, 151.14573948742225]]
[[-43.272485603505196, 72.33788058522393], [-21.874070329865962, 23.581594994984535], [-77.30529307357554, 115.57838472596302], [-10.172184687751287, 16.56569180038281], [-92.83027757004817, 148.63018793943246]]
[[-50.33309197188193, 74.59810776010633], [-22.865660241528033, 29.353464234838036], [-77.4641037925663, 127.88766572954806], [-9.488052137836057, 13.398145061945314], [-92.75053995130172, 145.65243677622158]]
[[-43.5784564668627, 62.40651257465038], [-25.63303070191275, 38.268610457750164], [-86.5264843437222, 125.31594398174535], [-9.129680073130473, 15.283533645004265], [-98.64492997718169, 148.9579873468026]]
[[-39.86518530006301, 57.693891348773874], [-20.678493848104903, 17.5782904153696], [-77.32487008747592, 114.7380500560899], [-10.724442197919576, 16.43235133315716], [-89.81370676426317, 155.66618394376385]]
[[-37.69574426734643, 63.46154331750063], [-20.045086058535247, 22.58692915434699], [-73.76106490713293, 123.04523439659857], [-10.432351333157161, 16.172184687751287], [-95.53287116193731, 157.14987139154138]]
[[-40.77182288036686, 61.97037892693539], [-19.41254480419145, 21.249643488710475], [-74.75447265988696, 127.56092196686167], [-10.363390705690165, 15.992594731733847], [-86.93594229841285, 144.73557213558223]]
[[-42.932157548030006, 69.5117978762822], [-16.425346590729408, 31.219794341591903], [-81.85345672400221, 132.784968342105], [-10.532908171767794, 16.256883247400832], [-100.38194639987049, 149.08618553618953]]
[[-43.76536513679858, 66.80250274011718], [-20.491828533934637, 34.93763498782543], [-79.16047339621896, 117.39258998045197], [-7.9551805819599615, 10.021938781178529], [-100.18214990624972, 147.67576117044786]]
[[-39.815010303315965, 74.99571833040311], [-21.386676512878736, 26.70861604670989], [-76.55901299081688, 121.99660504181563], [-8.657051780485006, 12.236278037503554], [-92.5176061378625, 146.03024552593263]]
[[-44.658837678179694, 68.98914015313522], [-21.27167809422523, 25.367509489440085], [-75.32344439829382, 123.22652609078534], [-9.13826177812934, 13.488052137836057], [-98.91579639912251, 154.066729335437]]
[[-41.74908891559343, 67.85551179143812], [-25.78769138770737, 38.72894909978063], [-73.81931585909788, 125.7753253985818], [-9.077339598441888, 13.33176753563594], [-95.64944289199534, 153.64944289199534]]
[[-47.32919133812476, 71.1442003978745], [-21.801209095818756, 23.801209095818756], [-83.98769009565895, 131.72996935130016], [-8.231679006246525, 14.676073076764368], [-95.76204812579194, 147.5326206528865]]
[[-43.999049303227935, 61.49068011043578], [-25.762008226896803, 34.321301038830214], [-74.40593640250219, 129.3774775020103], [-10.1837178115272, 16.256883247400832], [-100.8740721036367, 152.94353188873762]]
[[-41.275901402519196, 71.60216591189783], [-20.874070329865962, 25.673101205651562], [-78.98056323125778, 127.39246924052452], [-10.292807518130267, 16.26097702584319], [-92.51285725122011, 143.04050571265753]]
[[-35.56185481111046, 51.90645248173814], [-21.699951837178048, 23.874070329865962], [-81.61669375884675, 128.4050690707878], [-10.724442197919576, 15.921112901680877], [-80.67280902610712, 144.3655060282578]]
[[-44.44375364004302, 69.68248463536318], [-20.927950463427365, 36.42124106079588], [-83.1845533098704, 131.1845533098704], [-10.598121042763127, 16.04937839955634], [-100.8740721036367, 150.52227637725326]]
[[-45.76518043831749, 69.56587726235531], [-21.27167809422523, 23.452982090339972], [-75.36651495999784, 125.75229598355308], [-10.815810542965275, 16.724442197919576], [-97.3071429364994, 143.19280640974225]]
[[-42.30124383751334, 71.73686747652047], [-21.23762655076576, 27.170149321133202], [-73.22811246086745, 117.74708560753889], [-10.1837178115272, 15.830414994782327], [-90.81605278264809, 140.8160527826481]]
[[-49.45789819956126, 70.52371583492838], [-18.425300467506396, 20.348537700574216], [-77.877883586454, 121.41795175960972], [-10.815810542965275, 16.598121042763125], [-90.31767535635939, 139.12654480507578]]
[[-45.347620993398664, 75.69577667467648], [-22.923924343532608, 25.835632400115625], [-79.0751698883752, 125.24122062832932], [-6.815101739385689, 6.892831282701635], [-98.08239717899895, 150.77335266106223]]
[[-47.89808677295507, 69.49382082853053], [-20.723715814447914, 22.9953695356321], [-77.62203411918026, 129.92121416273378], [-10.815810542965275, 16.499762325806984], [-95.40353587968511, 137.2588876999024]]
[[-45.717260209723044, 71.78213441691076], [-21.27167809422523, 25.891644059531373], [-74.15052148816542, 124.06510565275839], [-9.523623312649132, 14.967507643814399], [-92.5091697387059, 152.89132136556793]]
[[-46.498970078496924, 63.74908891559343], [-22.172501395826135, 28.172501395826135], [-81.74158943202914, 124.21599818556146], [-10.031805850653477, 16.108723280203925], [-102.38220088023598, 151.49774813549317]]
[[-44.01856513313406, 68.6588376781797], [-20.148526999735743, 20.045086058535247], [-78.83821545451545, 129.22008544306442], [-10.755208542843267, 16.755208542843267], [-95.00561248957544, 145.8130181490061]]
[[-46.605903685654155, 72.15904696263745], [-25.17686669931046, 32.56441289309716], [-81.45659882846503, 127.24122062832932], [-9.462673785702721, 13.92114326925836], [-91.31194922660748, 149.50434212844885]]
[[-40.97741275549505, 72.44357545902929], [-22.394000161606822, 30.827421805351616], [-76.24132659296382, 121.24929915783225], [-10.017842523509394, 16.108723280203925], [-87.78129156278048, 158.4869330483281]]
[[-41.50549733573143, 67.14265026161308], [-24.510417085686534, 29.74163822715757], [-75.48173986947394, 126.64331995825862], [-10.260977025843191, 16.724442197919576], [-95.3975291056195, 162.26140479889827]]
[[-41.988776452614424, 64.78800032321365], [-19.605766606200998, 18.27276934265088], [-84.26463028867403, 118.85349940690018], [-10.499762325806984, 16.693357058128598], [-85.71102358287622, 130.74250707820545]]
[[-44.58990277877316, 67.77689533577541], [-21.673101205651562, 22.249643488710475], [-78.93331648439683, 123.696056385977], [-10.724442197919576, 16.661946447655975], [-87.93594229841285, 142.12654480507578]]
[[-43.52081391508551, 65.52081391508551], [-19.72733739282708, 29.684334050602377], [-82.45659882846503, 126.27245619029641], [-10.815810542965275, 16.630203478771378], [-91.82783359006736, 155.9475650676759]]
[[-39.321442894339945, 58.94544590317484], [-22.490688271032205, 27.63912188478882], [-83.50813055037001, 131.50813055037003], [-8.923936066836607, 15.0225449606621], [-90.75053995130172, 154.33276459228654]]
[[-50.33309197188193, 69.09188038818758], [-22.585615036260535, 30.75241042508751], [-83.76992725037579, 118.55833044627036], [-10.108723280203927, 16.292807518130267], [-101.66618394376385, 150.5199797812762]]
[[-40.74029423314431, 55.81681256679591], [-20.04133242788052, 25.29275127398567], [-74.04487638046204, 126.18368462247315], [-10.260977025843191, 16.532908171767794], [-99.51150017812243, 154.36857351619665]]
[[-45.201767939842554, 71.08789689496709], [-21.55484695294632, 24.475508965871672], [-76.22543029267624, 132.784968342105], [-10.661946447655975, 16.183717811527202], [-94.11673587774095, 145.31194922660748]]
[[-41.62229853277253, 64.11628199515286], [-19.949031228503397, 26.986322329586937], [-80.03209113009999, 130.7491335856056], [-10.146454880586099, 16.56569180038281], [-99.38194639987049, 155.61312347023957]]
[[-43.68248463536319, 69.49382082853053], [-20.19936925336878, 29.18570821606899], [-77.41795175960972, 123.41795175960972], [-9.2218718074271, 13.411130881773833], [-92.67576117044786, 142.70746679724184]]
[[-43.39248417105251, 66.14265026161308], [-20.39718156414469, 21.636478311808936], [-84.98769009565895, 123.04523439659857], [-10.328306689887803, 16.56569180038281], [-91.81878047870259, 147.5826224736042]]
[[-37.65459812377702, 51.32707014254376], [-24.932727577268608, 39.414785334388014], [-82.62645351910243, 127.79020577917832], [-10.78566256540327, 16.78566256540327], [-100.18214990624972, 149.11673587774095]]
[[-46.44558099920722, 66.49120205615964], [-26.95116646896673, 34.668940292611964], [-69.83240457012604, 122.53079897294599], [-10.693357058128598, 15.921112901680877], [-85.21417712628995, 134.57105160283083]]
[[-36.29359783155002, 61.494010209027564], [-21.988706377747526, 30.260406957542756], [-77.42662435550623, 120.99825705591788], [-10.815810542965275, 16.630203478771378], [-91.24790054462835, 159.25020015817012]]
[[-44.39377193658932, 63.72829941423252], [-25.309058281622832, 38.57951462663369], [-72.81871713462074, 128.45659882846502], [-8.923936066836607, 13.462673785702721], [-101.78849125273177, 152.73091030907443]]
[[-41.5605232748135, 67.6588376781797], [-19.41254480419145, 23.55484695294632], [-82.00778067884771, 131.50813055037003], [-6.799060521381564, 6.862221098959788], [-101.18214990624972, 158.38220088023598]]
[[-38.820339992605405, 56.15892402242503], [-20.387252221928602, 27.046901820702622], [-85.2955715812478, 123.67900216397572], [-10.432351333157161, 16.661946447655975], [-91.475742233495, 152.93537375085884]]
[[-42.14265026161308, 72.15904696263745], [-24.20162653737877, 32.95401319566202], [-78.70017793596449, 129.1716390446888], [-10.693357058128598, 16.78566256540327], [-102.96379437133106, 148.26421749618257]]
[[-46.29852687451076, 75.74784975566797], [-23.644467741814083, 34.66874798768009], [-84.74913358560558, 128.22008544306442], [-8.768736596217433, 13.193626110964301], [-92.93206901900129, 150.83577897121438]]
[[-48.6201067615787, 70.07946698025557], [-22.16147736285256, 30.57132513080654], [-79.84558543797318, 128.98240411231927], [-8.015546530415488, 12.657827234668584], [-93.05372892377973, 145.77335266106223]]
[[-46.49235607915232, 70.1294438499512], [-23.10448793990243, 26.370147116572156], [-78.91152430566538, 131.223849253228], [-10.693357058128598, 16.256883247400832], [-91.102468685374, 146.9579873468026]]
[[-49.1535714682497, 73.18796903315123], [-23.522634240611318, 33.321301038830214], [-78.69392264775588, 124.18368462247315], [-10.256883247400832, 15.854776931814431], [-97.22261659536679, 151.2402135231574]]
[[-39.13618553131078, 61.62229853277253], [-21.976104275672114, 22.489490822077915], [-86.5264843437222, 127.79020577917832], [-10.080573377391506, 15.788462136582005], [-88.20766267326154, 143.73702470569907]]
[[-48.6201067615787, 70.90802639132404], [-22.757039692984222, 26.223171037448786], [-75.7045230964051, 126.56076798963552], [-10.432351333157161, 16.693357058128598], [-93.76746655951361, 149.9575180289038]]
[[-45.784664468325516, 72.20176793984255], [-25.532107537337986, 32.90758146965372], [-81.12699222535376, 123.9968462668439], [-10.724442197919576, 16.693357058128598], [-89.74082523504123, 158.4869330483281]]
[[-44.31336892851361, 68.04526848122264], [-26.3605029691973, 37.09548659996762], [-70.987671635594, 131.7491335856056], [-8.170139028562177, 10.742026364662754], [-98.60733766499303, 161.96701591415157]]
[[-35.770649742202494, 43.439364641758296], [-22.223171037448786, 27.16147736285256], [-81.17163904468879, 131.7491335856056], [-9.04740270616736, 13.437035164932981], [-103.96701591415157, 159.67448115701103]]
[[-44.30124383751334, 67.68079460704234], [-24.23557934308253, 29.402286932257688], [-83.99809860645587, 130.90712564552132], [-8.96053423310136, 12.986431509606], [-94.6715521021738, 146.45822029765685]]
[[-47.201767939842554, 69.1851758246649], [-20.96606962129939, 27.046901820702622], [-77.23227839004548, 126.98240411231926], [-10.630203478771378, 16.724442197919576], [-98.21523246853286, 147.5590398057103]]
[[-42.844869364430544, 70.64260207766043], [-24.064539346880043, 30.292909761172197], [-78.98590782072345, 124.98590782072345], [-10.661946447655975, 16.598121042763125], [-85.36678517431163, 145.88715091805858]]
[[-40.61968033418303, 74.99571833040311], [-23.510417085686534, 28.30428595356819], [-84.5255344030625, 128.64458701913205], [-10.565691800382812, 16.755208542843267], [-97.64944289199534, 148.50434212844885]]
[[-39.002230958196094, 67.10145232297945], [-21.808123737498146, 30.300628517907374], [-78.49681128825844, 120.54797465161073], [-10.46624616891252, 16.363390705690165], [-98.92933860466894, 154.68496424318352]]
[[-42.16662335108661, 68.10850520815589], [-21.363692456867838, 25.399834240201248], [-76.31542460152946, 123.09485881295731], [-10.532908171767794, 16.78566256540327], [-90.22756958533506, 148.79617354591014]]
[[-45.90802639132404, 62.81101705959013], [-21.630959158792635, 25.96260362980122], [-81.92121416273378, 130.51861483497783], [-9.33176753563594, 13.437035164932981], [-96.0912262034453, 147.49786093226282]]
[[-44.26276720153125, 61.9926412128247], [-18.130828057017503, 23.31565446933717], [-81.69007966809173, 131.98769009565893], [-10.630203478771378, 16.256883247400832], [-93.56932893665103, 137.04743166985676]]
[[-45.64312632794064, 71.8082550314746], [-20.540035587192897, 28.480248149752914], [-76.41795175960972, 128.3950271964507], [-9.304743166985675, 13.2218718074271], [-90.24372087807974, 140.52071195268906]]
[[-49.17114744334374, 72.65597461330374], [-19.028526427752826, 21.316718021095262], [-77.31542460152946, 113.01934882090222], [-10.815810542965275, 16.108723280203925], [-97.80738681426278, 155.92933860466894]]
[[-47.35012277606846, 69.14265026161308], [-21.72678141138033, 33.66749298669601], [-73.69889396928254, 124.91620468764191], [-10.78566256540327, 16.630203478771378], [-94.59422372801642, 160.25020015817012]]
[[-50.47378253383795, 72.22655049615477], [-19.83764316249843, 28.810714616165928], [-74.73742404711695, 122.01330889125114], [-10.260977025843191, 16.815810542965274], [-99.9475650676759, 162.26140479889827]]
[[-47.19154469243407, 72.22655049615477], [-26.262161382045534, 36.72894909978063], [-79.71853025529246, 117.40803871026272], [-10.693357058128598, 16.815810542965274], [-97.91579639912251, 156.2816570554711]]
[[-34.29705399947149, 60.94544590317484], [-21.330115272889664, 21.388534605345384], [-83.45881066525729, 118.04909937890197], [-9.488052137836057, 13.2218718074271], [-90.65243677622159, 149.77335266106223]]
[[-41.17123007252107, 70.35373339862092], [-20.445305218157067, 22.976047947409718], [-78.29504125497188, 131.50813055037003], [-10.724442197919576, 16.755208542843267], [-101.17371296615437, 154.36861244280016]]
[[-38.99909925419727, 63.17123007252107], [-22.813240377476735, 26.46695454940202], [-80.14274018807515, 126.38567005460521], [-9.193626110964301, 13.10692224157317], [-98.80738681426278, 148.52142976784097]]
[[-40.35533690037846, 56.325604424772145], [-18.425300467506396, 22.425987666721824], [-72.27902803271488, 130.7491335856056], [-10.815810542965275, 16.28997756433227], [-94.03965979619326, 156.56262763179404]]
[[-44.989254760917675, 71.64260207766043], [-24.907581469653717, 30.04862971287935], [-83.00778067884771, 125.70017793596449], [-10.46624616891252, 16.78566256540327], [-101.17371296615437, 147.67576117044786]]
[[-45.658837678179694, 66.13014109295105], [-17.555985542316158, 18.323459642311796], [-79.16406407132449, 130.05506597920666], [-8.621595222472767, 14.06738826860743], [-87.48403930263952, 157.14987139154138]]
[[-43.76116290515042, 65.89036248346841], [-25.877875044530608, 36.324200182826175], [-75.504908408364, 131.01858050663847], [-8.35823360988491, 14.284297940386935], [-93.17614465730486, 152.62180065362605]]
[[-42.458462231622484, 64.47059596895127], [-19.148526999735743, 30.558140997576427], [-80.01718542416393, 125.88725549278053], [-10.815810542965275, 16.532908171767794], [-90.73702470569906, 160.25020015817012]]
[[-48.684306221400085, 76.68430622140008], [-18.425300467506396, 24.419709141650507], [-77.88725549278053, 124.2072515428051], [-10.565691800382812, 16.43235133315716], [-96.79617354591014, 139.76792013031564]]
[[-44.92477686523323, 69.90802639132404], [-15.45439379900561, 18.841199250798514], [-78.08247916345223, 122.11453054915664], [-10.172184687751287, 16.661946447655975], [-89.12843014935194, 148.63018793943246]]
[[-47.74784975566797, 75.74784975566797], [-23.510417085686534, 34.4918857199865], [-86.04166834274614, 124.64590945141023], [-9.614525585955239, 15.498093539298358], [-91.00291273547575, 150.7968768855894]]
[[-37.43576465709197, 70.1294438499512], [-26.57678573412485, 37.09548659996762], [-82.92121416273378, 120.28455781222563], [-10.499762325806984, 16.755208542843267], [-101.38194639987049, 152.52243969951215]]
[[-44.63782300736762, 68.56587726235531], [-25.40754698485811, 35.49008905823957], [-78.0751698883752, 126.61857907223957], [-10.815810542965275, 16.815810542965274], [-99.09479384724938, 155.64492997718168]]
[[-44.51641371079334, 68.16190205110922], [-22.138837474204074, 24.83764316249843], [-82.26458576966535, 134.04166834274614], [-10.46624616891252, 16.46624616891252], [-99.36857351619663, 150.7968768855894]]
[[-39.00383076313708, 58.39053853539284], [-24.24303085636381, 34.77726449614633], [-79.56092196686167, 125.4641037925663], [-10.499762325806984, 16.661946447655975], [-99.08941164272994, 154.80466587586693]]
[[-40.80494647164642, 60.22633103847896], [-26.57678573412485, 36.08254585167121], [-78.98056323125778, 127.62291451155708], [-8.955379067155082, 13.27742347647316], [-93.49039029752906, 150.49774813549317]]
[[-41.86281477140153, 65.98877645261442], [-21.387252221928602, 21.585907735242735], [-81.22008544306443, 129.22008544306442], [-10.724442197919576, 16.724442197919576], [-96.97412322298361, 152.5199797812762]]
[[-45.498970078496924, 71.28788941275086], [-24.386714116257195, 25.822261763547665], [-73.57602745661028, 129.85345672400223], [-10.3980691637338, 16.755208542843267], [-96.52243969951215, 136.09053696244527]]
[[-40.3298742461901, 72.36169315661033], [-22.59588057683468, 34.03430763885968], [-80.3950271964507, 130.26458576966536], [-9.513175452471064, 13.162620133382392], [-97.04864552818213, 145.43438961520485]]
[[-43.77775343488393, 66.6477857906239], [-23.427755895719056, 30.506178531697426], [-80.27245619029641, 122.3118356391624], [-9.10692224157317, 12.852800489980112], [-96.36861244280017, 145.12654480507578]]
[[-41.232295156858385, 73.07516654462566], [-22.30428595356819, 26.74956426397947], [-72.22751789070209, 131.99809860645587], [-8.21054036197685, 10.107964298437317], [-84.58607327931864, 134.57256265585713]]
[[-42.24900969086243, 75.04561310172265], [-21.673101205651562, 27.328985995436337], [-79.27245619029641, 127.56076798963552], [-10.661946447655975, 16.363390705690165], [-85.78648303645963, 137.436396156843]]
[[-42.92477686523323, 69.58293754608319], [-23.994459659106955, 37.023698461812344], [-85.54685646502878, 124.2072515428051], [-9.411130881773833, 13.13826177812934], [-102.38220088023598, 156.66618394376385]]
[[-50.19097319993524, 73.98895901513401], [-21.859760663723783, 26.352146153528736], [-80.00363713626821, 128.0036371362682], [-9.523623312649132, 15.523623312649132], [-93.27051635121147, 149.49774813549317]]
[[-37.64992718211331, 51.308649105779494], [-22.490688271032205, 29.353464234838036], [-80.56408856640533, 130.00778067884772], [-10.1837178115272, 15.702754264897532], [-94.8357789712144, 144.16750971141994]]
[[-42.04329532450051, 60.04329532450051], [-20.521001096046874, 23.328335839807146], [-85.7955375833566, 133.7955375833566], [-10.172184687751287, 16.532908171767794], [-90.44191409489405, 143.04489198227938]]
[[-45.60216591189782, 66.80878325901173], [-20.081486286183427, 22.081486286183427], [-82.51861483497783, 131.26463028867403], [-10.78566256540327, 16.328306689887803], [-96.04864552818213, 157.3819463998705]]
[[-49.45789819956126, 75.86545515453722], [-22.878007845252487, 29.438739586228102], [-78.96230017415853, 122.41384222746271], [-9.429880331861892, 14.956796181016845], [-95.3975291056195, 158.17944348833825]]
[[-43.76116290515042, 67.3871173823658], [-23.42736767850514, 34.83974498535801], [-78.64331995825862, 128.25226132785065], [-8.955379067155082, 13.113656150807397], [-94.95751802890378, 157.78849125273177]]
[[-39.14977762110881, 70.73686747652047], [-19.586663296879365, 26.87906929870516], [-79.63610489673971, 118.98584189766918], [-9.513175452471064, 13.113656150807397], [-93.7371555099403, 148.11673587774095]]
[[-46.601138342236375, 76.0354815443147], [-20.723715814447914, 22.273960988071444], [-83.74913358560558, 123.05509589668289], [-9.513175452471064, 13.991454070555694], [-86.74797976935935, 154.28167142223754]]
[[-42.8977687916783, 70.64260207766043], [-19.429296470916952, 18.114886107997833], [-76.50021181489677, 129.61669375884674], [-8.086802319180919, 12.274490686615112], [-98.3071429364994, 152.5328711619373]]
[[-42.70403337119587, 70.90802639132404], [-22.00671605764833, 29.72678141138033], [-85.54685646502878, 126.83821545451545], [-6.846678529064299, 6.846678529064299], [-101.96379437133106, 159.96379437133106]]
[[-47.759989890638096, 74.81509396971623], [-21.598280299373968, 30.28996806214161], [-86.5264843437222, 126.71853025529246], [-9.012657078719359, 13.513175452471064], [-82.50983694272925, 140.24847511512883]]
[[-40.460462795002776, 67.58356032908712], [-21.387252221928602, 18.648316349628306], [-79.98056323125778, 124.04205051118821], [-8.986431509606, 13.27742347647316], [-89.61213745217132, 146.0432845669298]]
[[-39.31912807777176, 60.03554769271852], [-20.931407385700766, 29.86554174587988], [-82.76992725037579, 127.300805261025], [-10.693357058128598, 16.755208542843267], [-86.33533245391055, 138.63661605590528]]
[[-41.045268481222635, 68.91511819517089], [-18.830785359717442, 23.79249034656991], [-76.87841766455419, 132.5255344030625], [-10.070511070800666, 16.56569180038281], [-89.99140149686984, 147.52683257848616]]
[[-43.59640320487112, 71.86851235284954], [-23.321805204501942, 35.407546984858115], [-77.98590782072345, 127.61857907223957], [-10.815810542965275, 16.183717811527202], [-96.81563400089316, 138.22398005746925]]
