165-[4, 2, 3, 1, 4, 2, 1, 3, 3, 2, 4, 1]-165-110
165-[4, 2, 3, 1, 4, 2, 1, 3, 3, 2, 4, 1]-165-110
165-[4, 2, 3, 1, 4, 2, 1, 3, 3, 2, 4, 1]-165-110
165-[4, 2, 3, 1, 4, 2, 1, 3, 3, 2, 4, 1]-165-110
165-[4, 2, 3, 1, 4, 2, 1, 3, 3, 2, 4, 1]-165-110
157-[0, 0, 3, 2, 0, 4, 2, 4, 3, 2, 3, 4]-157-102
157-[0, 0, 3, 2, 0, 4, 2, 4, 3, 2, 3, 4]-157-102
157-[0, 0, 3, 2, 0, 4, 2, 4, 3, 2, 3, 4]-157-102
157-[0, 0, 3, 2, 0, 4, 2, 4, 3, 2, 3, 4]-157-102
157-[0, 0, 3, 2, 0, 4, 2, 4, 3, 2, 3, 4]-157-102
157-[0, 0, 3, 2, 0, 4, 2, 4, 3, 2, 3, 4]-157-102
157-[0, 0, 3, 2, 0, 4, 2, 4, 3, 2, 3, 4]-157-102
157-[0, 0, 3, 2, 0, 4, 2, 4, 3, 2, 3, 4]-157-102
157-[0, 0, 3, 2, 0, 4, 2, 4, 3, 2, 3, 4]-157-102
157-[0, 0, 3, 2, 0, 4, 2, 4, 3, 2, 3, 4]-157-102
157-[0, 0, 3, 2, 0, 4, 2, 4, 3, 2, 3, 4]-157-102
157-[0, 0, 3, 2, 0, 4, 2, 4, 3, 2, 3, 4]-157-102
157-[0, 0, 3, 2, 0, 4, 2, 4, 3, 2, 3, 4]-157-102
157-[0, 0, 3, 2, 0, 4, 2, 4, 3, 2, 3, 4]-157-102
157-[0, 0, 3, 2, 0, 4, 2, 4, 3, 2, 3, 4]-157-102
157-[0, 0, 3, 2, 0, 4, 2, 4, 3, 2, 3, 4]-157-102
157-[0, 0, 3, 2, 0, 4, 2, 4, 3, 2, 3, 4]-157-102
157-[0, 0, 3, 2, 0, 4, 2, 4, 3, 2, 3, 4]-157-102
157-[0, 0, 3, 2, 0, 4, 2, 4, 3, 2, 3, 4]-157-102
157-[0, 0, 3, 2, 0, 4, 2, 4, 3, 2, 3, 4]-157-102
157-[0, 0, 3, 2, 0, 4, 2, 4, 3, 2, 3, 4]-157-102
157-[0, 0, 3, 2, 0, 4, 2, 4, 3, 2, 3, 4]-157-102
157-[0, 0, 3, 2, 0, 4, 2, 4, 3, 2, 3, 4]-157-102
157-[0, 0, 3, 2, 0, 4, 2, 4, 3, 2, 3, 4]-157-102
157-[0, 0, 3, 2, 0, 4, 2, 4, 3, 2, 3, 4]-157-102
157-[0, 0, 3, 2, 0, 4, 2, 4, 3, 2, 3, 4]-157-102
156-[4, 2, 0, 1, 2, 1, 2, 0, 0, 1, 4, 4]-156-100
156-[4, 2, 0, 1, 2, 1, 2, 0, 0, 1, 4, 4]-156-100
156-[4, 2, 0, 1, 2, 1, 2, 0, 0, 1, 4, 4]-156-100
156-[4, 2, 0, 1, 2, 1, 2, 0, 0, 1, 4, 4]-156-100
156-[4, 2, 0, 1, 2, 1, 2, 0, 0, 1, 4, 4]-156-100
156-[4, 2, 0, 1, 2, 1, 2, 0, 0, 1, 4, 4]-156-100
156-[4, 2, 0, 1, 2, 1, 2, 0, 0, 1, 4, 4]-156-100
156-[4, 2, 0, 1, 2, 1, 2, 0, 0, 1, 4, 4]-156-100
156-[4, 2, 0, 1, 2, 1, 2, 0, 0, 1, 4, 4]-156-100
156-[4, 2, 0, 1, 2, 1, 2, 0, 0, 1, 4, 4]-156-100
156-[4, 2, 0, 1, 2, 1, 2, 0, 0, 1, 4, 4]-156-100
156-[4, 2, 0, 1, 2, 1, 2, 0, 0, 1, 4, 4]-156-100
156-[4, 2, 0, 1, 2, 1, 2, 0, 0, 1, 4, 4]-156-100
156-[4, 2, 0, 1, 2, 1, 2, 0, 0, 1, 4, 4]-156-100
156-[4, 2, 0, 1, 2, 1, 2, 0, 0, 1, 4, 4]-156-100
156-[4, 2, 0, 1, 2, 1, 2, 0, 0, 1, 4, 4]-156-100
156-[4, 2, 0, 1, 2, 1, 2, 0, 0, 1, 4, 4]-156-100
156-[4, 2, 0, 1, 2, 1, 2, 0, 0, 1, 4, 4]-156-100
156-[4, 2, 0, 1, 2, 1, 2, 0, 0, 1, 4, 4]-156-100
156-[4, 2, 0, 1, 2, 1, 2, 0, 0, 1, 4, 4]-156-100
156-[4, 2, 0, 1, 2, 1, 2, 0, 0, 1, 4, 4]-156-100
156-[4, 2, 0, 1, 2, 1, 2, 0, 0, 1, 4, 4]-156-100
156-[4, 2, 0, 1, 2, 1, 2, 0, 0, 1, 4, 4]-156-100
156-[4, 2, 0, 1, 2, 1, 2, 0, 0, 1, 4, 4]-156-100
156-[4, 2, 0, 1, 2, 1, 2, 0, 0, 1, 4, 4]-156-100
156-[4, 2, 0, 1, 2, 1, 2, 0, 0, 1, 4, 4]-156-100
156-[4, 2, 0, 1, 2, 1, 2, 0, 0, 1, 4, 4]-156-100
156-[4, 2, 0, 1, 2, 1, 2, 0, 0, 1, 4, 4]-156-100
156-[4, 2, 0, 1, 2, 1, 2, 0, 0, 1, 4, 4]-156-100
156-[4, 2, 0, 1, 2, 1, 2, 0, 0, 1, 4, 4]-156-100
156-[4, 2, 0, 1, 2, 1, 2, 0, 0, 1, 4, 4]-156-100
156-[4, 2, 0, 1, 2, 1, 2, 0, 0, 1, 4, 4]-156-100
156-[4, 2, 0, 1, 2, 1, 2, 0, 0, 1, 4, 4]-156-100
156-[4, 2, 0, 1, 2, 1, 2, 0, 0, 1, 4, 4]-156-100
156-[4, 2, 0, 1, 2, 1, 2, 0, 0, 1, 4, 4]-156-100
156-[4, 2, 0, 1, 2, 1, 2, 0, 0, 1, 4, 4]-156-100
156-[4, 2, 0, 1, 2, 1, 2, 0, 0, 1, 4, 4]-156-100
156-[4, 2, 0, 1, 2, 1, 2, 0, 0, 1, 4, 4]-156-100
156-[4, 2, 0, 1, 2, 1, 2, 0, 0, 1, 4, 4]-156-100
156-[4, 2, 0, 1, 2, 1, 2, 0, 0, 1, 4, 4]-156-100
156-[4, 2, 0, 1, 2, 1, 2, 0, 0, 1, 4, 4]-156-100
156-[4, 2, 0, 1, 2, 1, 2, 0, 0, 1, 4, 4]-156-100
156-[4, 2, 0, 1, 2, 1, 2, 0, 0, 1, 4, 4]-156-100
156-[4, 2, 0, 1, 2, 1, 2, 0, 0, 1, 4, 4]-156-100
156-[4, 2, 0, 1, 2, 1, 2, 0, 0, 1, 4, 4]-156-100
156-[4, 2, 0, 1, 2, 1, 2, 0, 0, 1, 4, 4]-156-100
156-[4, 2, 0, 1, 2, 1, 2, 0, 0, 1, 4, 4]-156-100
156-[4, 2, 0, 1, 2, 1, 2, 0, 0, 1, 4, 4]-156-100
156-[4, 2, 0, 1, 2, 1, 2, 0, 0, 1, 4, 4]-156-100
156-[4, 2, 0, 1, 2, 1, 2, 0, 0, 1, 4, 4]-156-100
156-[4, 2, 0, 1, 2, 1, 2, 0, 0, 1, 4, 4]-156-100
156-[4, 2, 0, 1, 2, 1, 2, 0, 0, 1, 4, 4]-156-100
156-[4, 2, 0, 1, 2, 1, 2, 0, 0, 1, 4, 4]-156-100
156-[4, 2, 0, 1, 2, 1, 2, 0, 0, 1, 4, 4]-156-100
156-[4, 2, 0, 1, 2, 1, 2, 0, 0, 1, 4, 4]-156-100
156-[4, 2, 0, 1, 2, 1, 2, 0, 0, 1, 4, 4]-156-100
156-[4, 2, 0, 1, 2, 1, 2, 0, 0, 1, 4, 4]-156-100
156-[4, 2, 0, 1, 2, 1, 2, 0, 0, 1, 4, 4]-156-100
156-[4, 2, 0, 1, 2, 1, 2, 0, 0, 1, 4, 4]-156-100
156-[4, 2, 0, 1, 2, 1, 2, 0, 0, 1, 4, 4]-156-100
156-[4, 2, 0, 1, 2, 1, 2, 0, 0, 1, 4, 4]-156-100
156-[4, 2, 0, 1, 2, 1, 2, 0, 0, 1, 4, 4]-156-100
156-[4, 2, 0, 1, 2, 1, 2, 0, 0, 1, 4, 4]-156-100
156-[4, 2, 0, 1, 2, 1, 2, 0, 0, 1, 4, 4]-156-100
156-[4, 2, 0, 1, 2, 1, 2, 0, 0, 1, 4, 4]-156-100
156-[4, 2, 0, 1, 2, 1, 2, 0, 0, 1, 4, 4]-156-100
156-[4, 2, 0, 1, 2, 1, 2, 0, 0, 1, 4, 4]-156-100
156-[4, 2, 0, 1, 2, 1, 2, 0, 0, 1, 4, 4]-156-100
156-[4, 2, 0, 1, 2, 1, 2, 0, 0, 1, 4, 4]-156-100
