2880-[14, 3, 23, 4, 27]-4730-2880
2880-[14, 3, 23, 4, 27]-4730-2880
2880-[14, 3, 23, 4, 27]-4730-2880
2880-[14, 3, 23, 4, 27]-4730-2880
2880-[14, 3, 23, 4, 27]-4730-2880
2880-[14, 3, 23, 4, 27]-4730-2880
2880-[14, 3, 23, 4, 27]-4730-2880
2880-[14, 3, 23, 4, 27]-4730-2880
2880-[14, 3, 23, 4, 27]-4730-2880
2880-[14, 3, 23, 4, 27]-4730-2880
2880-[14, 3, 23, 4, 27]-4730-2880
2880-[14, 3, 23, 4, 27]-4730-2880
2880-[14, 3, 23, 4, 27]-4730-2880
2880-[14, 3, 23, 4, 27]-4730-2880
2880-[14, 3, 23, 4, 27]-4730-2880
2880-[14, 3, 23, 4, 27]-4730-2880
2880-[14, 3, 23, 4, 27]-4730-2880
2880-[14, 3, 23, 4, 27]-4730-2880
2880-[14, 3, 23, 4, 27]-4730-2880
2880-[14, 3, 23, 4, 27]-4730-2880
2880-[14, 3, 23, 4, 27]-4730-2880
2880-[14, 3, 23, 4, 27]-4730-2880
2880-[14, 3, 23, 4, 27]-4730-2880
2880-[14, 3, 23, 4, 27]-4730-2880
2880-[14, 3, 23, 4, 27]-4730-2880
2880-[14, 3, 23, 4, 27]-4730-2880
2880-[14, 3, 23, 4, 27]-4730-2880
2880-[14, 3, 23, 4, 27]-4730-2880
2880-[14, 3, 23, 4, 27]-4730-2880
2880-[14, 3, 23, 4, 27]-4730-2880
2880-[14, 3, 23, 4, 27]-4730-2880
2880-[14, 3, 23, 4, 27]-4730-2880
2880-[14, 3, 23, 4, 27]-4730-2880
2880-[14, 3, 23, 4, 27]-4730-2880
2880-[14, 3, 23, 4, 27]-4730-2880
2880-[14, 3, 23, 4, 27]-4730-2880
2880-[14, 3, 23, 4, 27]-4730-2880
2880-[14, 3, 23, 4, 27]-4730-2880
2880-[14, 3, 23, 4, 27]-4730-2880
2880-[14, 3, 23, 4, 27]-4730-2880
2880-[14, 3, 23, 4, 27]-4730-2880
2880-[14, 3, 23, 4, 27]-4730-2880
3055-[11, 6, 24, 4, 30]-5220-3055
3055-[11, 6, 24, 4, 30]-5220-3055
3055-[11, 6, 24, 4, 30]-5220-3055
3055-[11, 6, 24, 4, 30]-5220-3055
3055-[11, 6, 24, 4, 30]-5220-3055
3055-[11, 6, 24, 4, 30]-5220-3055
3055-[11, 6, 24, 4, 30]-5220-3055
3055-[11, 6, 24, 4, 30]-5220-3055
3055-[11, 6, 24, 4, 30]-5220-3055
3055-[11, 6, 24, 4, 30]-5220-3055
3055-[11, 6, 24, 4, 30]-5220-3055
3055-[11, 6, 24, 4, 30]-5220-3055
3055-[11, 6, 24, 4, 30]-5220-3055
3055-[11, 6, 24, 4, 30]-5220-3055
3055-[11, 6, 24, 4, 30]-5220-3055
3055-[11, 6, 24, 4, 30]-5220-3055
3055-[11, 6, 24, 4, 30]-5220-3055
3055-[11, 6, 24, 4, 30]-5220-3055
3055-[11, 6, 24, 4, 30]-5220-3055
3055-[11, 6, 24, 4, 30]-5220-3055
3055-[11, 6, 24, 4, 30]-5220-3055
3055-[11, 6, 24, 4, 30]-5220-3055
3055-[11, 6, 24, 4, 30]-5220-3055
3055-[11, 6, 24, 4, 30]-5220-3055
3055-[11, 6, 24, 4, 30]-5220-3055
3055-[11, 6, 24, 4, 30]-5220-3055
3055-[11, 6, 24, 4, 30]-5220-3055
3055-[11, 6, 24, 4, 30]-5220-3055
3055-[11, 6, 24, 4, 30]-5220-3055
3055-[11, 6, 24, 4, 30]-5220-3055
3055-[11, 6, 24, 4, 30]-5220-3055
3055-[11, 6, 24, 4, 30]-5220-3055
3055-[11, 6, 24, 4, 30]-5220-3055
3055-[11, 6, 24, 4, 30]-5220-3055
3055-[11, 6, 24, 4, 30]-5220-3055
3055-[11, 6, 24, 4, 30]-5220-3055
3055-[11, 6, 24, 4, 30]-5220-3055
3055-[11, 6, 24, 4, 30]-5220-3055
3055-[11, 6, 24, 4, 30]-5220-3055
3055-[11, 6, 24, 4, 30]-5220-3055
3055-[11, 6, 24, 4, 30]-5220-3055
3055-[11, 6, 24, 4, 30]-5220-3055
3055-[11, 6, 24, 4, 30]-5220-3055
3055-[11, 6, 24, 4, 30]-5220-3055
3055-[11, 6, 24, 4, 30]-5220-3055
3055-[11, 6, 24, 4, 30]-5220-3055
3055-[11, 6, 24, 4, 30]-5220-3055
3055-[11, 6, 24, 4, 30]-5220-3055
3055-[11, 6, 24, 4, 30]-5220-3055
3055-[11, 6, 24, 4, 30]-5220-3055
3055-[11, 6, 24, 4, 30]-5220-3055
3055-[11, 6, 24, 4, 30]-5220-3055
3055-[11, 6, 24, 4, 30]-5220-3055
3055-[11, 6, 24, 4, 30]-5220-3055
3055-[11, 6, 24, 4, 30]-5220-3055
3055-[11, 6, 24, 4, 30]-5220-3055
3055-[11, 6, 24, 4, 30]-5220-3055
3055-[11, 6, 24, 4, 30]-5220-3055
