160-[4, 0, 3, 3, 4, 0, 2, 4, 3, 2, 0, 2]-160-105-75.37181818181818
159-[3, 2, 3, 0, 1, 0, 2, 1, 0, 2, 3, 1]-159-102-77.11954545454546
158-[1, 0, 1, 2, 1, 4, 2, 0, 0, 2, 4, 4]-158-102-76.56454545454545
154-[0, 0, 1, 2, 4, 1, 2, 4, 0, 1, 2, 4]-154-98-75.15681818181818
157-[0, 4, 2, 1, 1, 1, 2, 4, 0, 2, 0, 4]-157-101-73.98681818181818
158-[0, 2, 0, 1, 1, 2, 1, 4, 0, 2, 4, 4]-158-102-74.0340909090909
157-[4, 0, 0, 1, 4, 1, 2, 2, 0, 2, 4, 1]-157-101-78.09363636363636
153-[3, 2, 3, 2, 4, 0, 3, 4, 0, 2, 0, 4]-153-98-75.79636363636364
154-[0, 0, 1, 1, 1, 2, 2, 4, 0, 2, 4, 4]-154-98-78.14727272727272
158-[0, 2, 1, 1, 4, 0, 2, 4, 0, 4, 2, 1]-158-102-76.82318181818182
