172-[3, 0, 3, 0, 0, 2, 3, 2, 1, 1, 2, 1]-172-115
172-[3, 0, 3, 0, 0, 2, 3, 2, 1, 1, 2, 1]-172-115
172-[3, 0, 3, 0, 0, 2, 3, 2, 1, 1, 2, 1]-172-115
170-[0, 1, 0, 3, 0, 4, 3, 4, 3, 1, 4, 1]-170-113
163-[1, 2, 2, 1, 4, 0, 0, 4, 0, 1, 4, 2]-163-107
163-[1, 2, 2, 1, 4, 0, 0, 4, 0, 1, 4, 2]-163-107
163-[1, 2, 2, 1, 4, 0, 0, 4, 0, 1, 4, 2]-163-107
163-[1, 2, 2, 1, 4, 0, 0, 4, 0, 1, 4, 2]-163-107
156-[0, 2, 1, 2, 4, 1, 0, 1, 0, 2, 4, 4]-156-100
156-[0, 2, 1, 2, 4, 1, 0, 1, 0, 2, 4, 4]-156-100
156-[0, 2, 1, 2, 4, 1, 0, 1, 0, 2, 4, 4]-156-100
156-[0, 2, 1, 2, 4, 1, 0, 1, 0, 2, 4, 4]-156-100
156-[0, 2, 1, 2, 4, 1, 0, 1, 0, 2, 4, 4]-156-100
156-[0, 2, 1, 2, 4, 1, 0, 1, 0, 2, 4, 4]-156-100
156-[0, 2, 1, 2, 4, 1, 0, 1, 0, 2, 4, 4]-156-100
156-[0, 2, 1, 2, 4, 1, 0, 1, 0, 2, 4, 4]-156-100
156-[0, 2, 1, 2, 4, 1, 0, 1, 0, 2, 4, 4]-156-100
156-[0, 2, 1, 2, 4, 1, 0, 1, 0, 2, 4, 4]-156-100
156-[0, 2, 1, 2, 4, 1, 0, 1, 0, 2, 4, 4]-156-100
156-[0, 2, 1, 2, 4, 1, 0, 1, 0, 2, 4, 4]-156-100
156-[0, 2, 1, 2, 4, 1, 0, 1, 0, 2, 4, 4]-156-100
156-[0, 2, 1, 2, 4, 1, 0, 1, 0, 2, 4, 4]-156-100
156-[0, 2, 1, 2, 4, 1, 0, 1, 0, 2, 4, 4]-156-100
156-[0, 2, 1, 2, 4, 1, 0, 1, 0, 2, 4, 4]-156-100
156-[0, 2, 1, 2, 4, 1, 0, 1, 0, 2, 4, 4]-156-100
156-[0, 2, 1, 2, 4, 1, 0, 1, 0, 2, 4, 4]-156-100
156-[0, 2, 1, 2, 4, 1, 0, 1, 0, 2, 4, 4]-156-100
156-[0, 2, 1, 2, 4, 1, 0, 1, 0, 2, 4, 4]-156-100
156-[0, 2, 1, 2, 4, 1, 0, 1, 0, 2, 4, 4]-156-100
156-[0, 2, 1, 2, 4, 1, 0, 1, 0, 2, 4, 4]-156-100
156-[0, 2, 1, 2, 4, 1, 0, 1, 0, 2, 4, 4]-156-100
156-[0, 2, 1, 2, 4, 1, 0, 1, 0, 2, 4, 4]-156-100
156-[0, 2, 1, 2, 4, 1, 0, 1, 0, 2, 4, 4]-156-100
156-[0, 2, 1, 2, 4, 1, 0, 1, 0, 2, 4, 4]-156-100
156-[0, 2, 1, 2, 4, 1, 0, 1, 0, 2, 4, 4]-156-100
156-[0, 2, 1, 2, 4, 1, 0, 1, 0, 2, 4, 4]-156-100
156-[0, 2, 1, 2, 4, 1, 0, 1, 0, 2, 4, 4]-156-100
156-[0, 2, 1, 2, 4, 1, 0, 1, 0, 2, 4, 4]-156-100
156-[0, 2, 1, 2, 4, 1, 0, 1, 0, 2, 4, 4]-156-100
156-[0, 2, 1, 2, 4, 1, 0, 1, 0, 2, 4, 4]-156-100
156-[0, 2, 1, 2, 4, 1, 0, 1, 0, 2, 4, 4]-156-100
156-[0, 2, 1, 2, 4, 1, 0, 1, 0, 2, 4, 4]-156-100
156-[0, 2, 1, 2, 4, 1, 0, 1, 0, 2, 4, 4]-156-100
156-[0, 2, 1, 2, 4, 1, 0, 1, 0, 2, 4, 4]-156-100
156-[0, 2, 1, 2, 4, 1, 0, 1, 0, 2, 4, 4]-156-100
156-[0, 2, 1, 2, 4, 1, 0, 1, 0, 2, 4, 4]-156-100
156-[0, 2, 1, 2, 4, 1, 0, 1, 0, 2, 4, 4]-156-100
156-[0, 2, 1, 2, 4, 1, 0, 1, 0, 2, 4, 4]-156-100
156-[0, 2, 1, 2, 4, 1, 0, 1, 0, 2, 4, 4]-156-100
156-[0, 2, 1, 2, 4, 1, 0, 1, 0, 2, 4, 4]-156-100
156-[0, 2, 1, 2, 4, 1, 0, 1, 0, 2, 4, 4]-156-100
156-[0, 2, 1, 2, 4, 1, 0, 1, 0, 2, 4, 4]-156-100
156-[0, 2, 1, 2, 4, 1, 0, 1, 0, 2, 4, 4]-156-100
156-[0, 2, 1, 2, 4, 1, 0, 1, 0, 2, 4, 4]-156-100
156-[0, 2, 1, 2, 4, 1, 0, 1, 0, 2, 4, 4]-156-100
156-[0, 2, 1, 2, 4, 1, 0, 1, 0, 2, 4, 4]-156-100
156-[0, 2, 1, 2, 4, 1, 0, 1, 0, 2, 4, 4]-156-100
156-[0, 2, 1, 2, 4, 1, 0, 1, 0, 2, 4, 4]-156-100
156-[0, 2, 1, 2, 4, 1, 0, 1, 0, 2, 4, 4]-156-100
156-[0, 2, 1, 2, 4, 1, 0, 1, 0, 2, 4, 4]-156-100
156-[0, 2, 1, 2, 4, 1, 0, 1, 0, 2, 4, 4]-156-100
156-[0, 2, 1, 2, 4, 1, 0, 1, 0, 2, 4, 4]-156-100
156-[0, 2, 1, 2, 4, 1, 0, 1, 0, 2, 4, 4]-156-100
156-[0, 2, 1, 2, 4, 1, 0, 1, 0, 2, 4, 4]-156-100
156-[0, 2, 1, 2, 4, 1, 0, 1, 0, 2, 4, 4]-156-100
156-[0, 2, 1, 2, 4, 1, 0, 1, 0, 2, 4, 4]-156-100
156-[0, 2, 1, 2, 4, 1, 0, 1, 0, 2, 4, 4]-156-100
156-[0, 2, 1, 2, 4, 1, 0, 1, 0, 2, 4, 4]-156-100
156-[0, 2, 1, 2, 4, 1, 0, 1, 0, 2, 4, 4]-156-100
156-[0, 2, 1, 2, 4, 1, 0, 1, 0, 2, 4, 4]-156-100
156-[0, 2, 1, 2, 4, 1, 0, 1, 0, 2, 4, 4]-156-100
156-[0, 2, 1, 2, 4, 1, 0, 1, 0, 2, 4, 4]-156-100
156-[0, 2, 1, 2, 4, 1, 0, 1, 0, 2, 4, 4]-156-100
156-[0, 2, 1, 2, 4, 1, 0, 1, 0, 2, 4, 4]-156-100
156-[0, 2, 1, 2, 4, 1, 0, 1, 0, 2, 4, 4]-156-100
156-[0, 2, 1, 2, 4, 1, 0, 1, 0, 2, 4, 4]-156-100
156-[0, 2, 1, 2, 4, 1, 0, 1, 0, 2, 4, 4]-156-100
156-[0, 2, 1, 2, 4, 1, 0, 1, 0, 2, 4, 4]-156-100
156-[0, 2, 1, 2, 4, 1, 0, 1, 0, 2, 4, 4]-156-100
156-[0, 2, 1, 2, 4, 1, 0, 1, 0, 2, 4, 4]-156-100
156-[0, 2, 1, 2, 4, 1, 0, 1, 0, 2, 4, 4]-156-100
156-[0, 2, 1, 2, 4, 1, 0, 1, 0, 2, 4, 4]-156-100
156-[0, 2, 1, 2, 4, 1, 0, 1, 0, 2, 4, 4]-156-100
156-[0, 2, 1, 2, 4, 1, 0, 1, 0, 2, 4, 4]-156-100
156-[0, 2, 1, 2, 4, 1, 0, 1, 0, 2, 4, 4]-156-100
156-[0, 2, 1, 2, 4, 1, 0, 1, 0, 2, 4, 4]-156-100
156-[0, 2, 1, 2, 4, 1, 0, 1, 0, 2, 4, 4]-156-100
156-[0, 2, 1, 2, 4, 1, 0, 1, 0, 2, 4, 4]-156-100
156-[0, 2, 1, 2, 4, 1, 0, 1, 0, 2, 4, 4]-156-100
156-[0, 2, 1, 2, 4, 1, 0, 1, 0, 2, 4, 4]-156-100
156-[0, 2, 1, 2, 4, 1, 0, 1, 0, 2, 4, 4]-156-100
156-[0, 2, 1, 2, 4, 1, 0, 1, 0, 2, 4, 4]-156-100
156-[0, 2, 1, 2, 4, 1, 0, 1, 0, 2, 4, 4]-156-100
156-[0, 2, 1, 2, 4, 1, 0, 1, 0, 2, 4, 4]-156-100
156-[0, 2, 1, 2, 4, 1, 0, 1, 0, 2, 4, 4]-156-100
156-[0, 2, 1, 2, 4, 1, 0, 1, 0, 2, 4, 4]-156-100
156-[0, 2, 1, 2, 4, 1, 0, 1, 0, 2, 4, 4]-156-100
156-[0, 2, 1, 2, 4, 1, 0, 1, 0, 2, 4, 4]-156-100
156-[0, 2, 1, 2, 4, 1, 0, 1, 0, 2, 4, 4]-156-100
156-[0, 2, 1, 2, 4, 1, 0, 1, 0, 2, 4, 4]-156-100
