155-[0, 0, 1, 2, 2, 1, 1, 4, 0, 2, 4, 4]-155-99-77.42318181818182
158-[0, 1, 0, 2, 4, 1, 2, 2, 0, 1, 4, 4]-158-102-77.07545454545455
157-[0, 2, 2, 0, 1, 1, 2, 4, 0, 4, 4, 1]-157-101-75.42181818181818
161-[1, 2, 1, 0, 1, 4, 2, 4, 0, 2, 4, 0]-161-105-75.9740909090909
157-[0, 0, 3, 3, 4, 0, 2, 2, 3, 2, 4, 4]-157-102-75.95363636363636
161-[0, 0, 3, 2, 4, 4, 2, 3, 3, 4, 0, 2]-161-106-75.14272727272727
159-[3, 2, 0, 3, 4, 0, 2, 4, 3, 2, 0, 4]-159-104-75.87045454545455
157-[4, 2, 1, 2, 1, 0, 2, 4, 0, 0, 4, 1]-157-101-77.70272727272727
162-[0, 2, 2, 1, 4, 0, 0, 4, 1, 2, 4, 1]-162-106-75.30363636363636
156-[4, 0, 0, 1, 1, 1, 2, 4, 0, 2, 2, 4]-156-100-77.11136363636363
